2 1 2 1 2 1 2 4
3 2 1 1 1 1 2 4
4 2 2 1 2 2 3 6
5 1 2 2 1 1 1 3
6 1 1 1 2 2 2 4
7 2 2 2 2 2 3 6
8 0 1 0 0 0 1 2
9 2 2 2 2 2 3 6
10 2 2 1 1 1 1 3
11 3 3 3 3 2 4 8
13 2 2 1 2 1 3 5
14 1 1 1 2 1 2 4
15 3 2 3 2 1 2 5
16 1 3 2 1 1 2 5
17 2 2 1 2 1 2 4
18 2 2 2 2 1 3 5
19 1 2 2 1 1 2 4
20 2 1 2 2 3 3 5
21 0 2 0 0 0 1 2
22 2 1 1 2 2 3 5
23 2 2 1 2 2 3 5
24 3 2 2 3 2 3 6
25 0 1 2 2 2 3 5
26 3 3 3 2 1 3 7
27 3 3 2 2 1 2 6
28 1 1 1 2 2 2 4
29 2 2 2 3 2 3 6
30 1 1 1 1 2 2 4
31 2 2 1 1 1 2 4
32 2 2 1 2 2 3 5
33 3 3 1 2 2 2 6
34 3 3 3 3 3 4 8
35 2 2 1 2 2 3 5
36 2 1 1 2 1 2 4
37 1 1 1 1 0 1 2
38 1 1 1 2 2 2 4
39 3 2 3 3 3 4 8
40 2 3 2 2 2 3 6
41 2 1 2 3 2 3 5
42 1 1 1 1 1 2 3
43 1 2 1 1 1 2 4
44 2 1 1 1 1 2 4
45 1 2 1 2 1 2 4
46 3 2 1 2 2 4 6
47 2 3 2 2 2 3 6
48 2 1 1 2 1 2 4
49 2 1 2 2 2 3 5
50 0 1 0 1 0 0 1
51 2 1 1 1 1 2 4
52 2 2 1 2 2 3 5
53 2 2 1 1 1 2 4
54 2 2 1 2 1 3 5
55 2 2 1 2 1 3 5
56 2 2 2 2 2 3 6
57 3 2 2 3 2 4 8
58 0 1 1 1 0 1 2
59 2 1 1 2 2 3 5
60 2 2 1 2 1 2 4
61 4 3 3 3 2 4 8
62 1 2 1 2 1 2 4
63 0 1 2 2 2 3 5
64 2 1 1 1 1 1 3
65 3 2 2 3 2 4 7
66 2 1 2 2 2 3 5
67 2 2 2 2 1 2 5
68 1 1 1 2 1 2 4
69 3 1 2 2 2 4 6
70 3 3 2 2 2 4 7
71 2 1 2 2 2 2 5
72 1 1 1 2 1 2 4
73 1 1 1 2 1 2 4
74 2 2 1 2 1 3 5
75 3 2 3 3 3 3 7
76 1 2 1 1 1 2 4
77 3 3 2 2 2 3 6
78 2 2 1 2 1 2 4
79 4 4 4 3 3 4 9
80 2 2 1 2 2 3 5
81 2 1 2 2 2 3 5
82 1 2 1 1 1 2 4
83 1 1 1 0 0 1 2
84 3 2 2 3 2 4 7
85 1 1 1 2 1 2 4
86 2 3 2 2 1 2 5
87 1 2 1 2 1 2 4
88 2 1 1 1 2 2 4
89 3 2 2 2 2 3 6
90 0 1 1 2 1 2 3
91 1 1 1 0 1 1 2
92 1 2 1 2 2 2 4
93 2 3 2 2 2 3 6
94 2 3 2 2 2 3 6
95 3 3 2 2 2 4 7
96 1 2 1 2 2 2 4
97 1 2 1 2 2 3 5
98 3 3 3 2 2 3 7
99 3 2 1 3 2 4 6
100 3 2 2 3 1 4 7
101 3 2 2 3 3 4 7
102 0 1 1 1 0 1 2
103 1 2 1 2 2 2 4
104 0 1 1 1 1 1 3
105 0 2 1 1 1 2 4
106 2 2 1 2 2 3 5
107 3 2 2 2 2 3 6
108 1 1 1 2 2 3 5
109 1 1 1 2 2 2 4
110 0 1 2 1 1 2 3
111 2 1 1 2 2 3 5
112 0 0 1 2 0 2 3
113 2 3 2 2 2 4 6
114 0 1 1 1 0 1 2
115 1 1 1 2 1 2 4
116 2 2 1 2 2 3 5
117 1 1 2 1 1 2 3
118 2 2 1 2 1 2 4
119 2 2 1 2 1 3 5
120 1 1 1 1 1 2 4
121 1 1 2 1 1 2 3
122 1 1 2 2 1 2 4
123 3 2 1 3 2 4 7
124 2 2 1 2 2 3 5
125 1 2 1 1 1 2 4
126 1 3 2 2 1 2 5
127 3 3 1 3 2 4 7
128 0 1 1 1 0 1 2
129 3 1 1 2 2 4 6
130 1 1 1 1 1 1 3
131 1 2 2 2 1 2 4
132 2 2 2 3 2 3 5
133 1 1 1 1 1 2 3
134 2 2 2 2 2 3 5
135 1 2 1 2 1 2 4
136 3 2 1 3 2 4 7
137 1 1 2 2 2 3 5
138 1 1 1 1 1 2 3
139 2 1 1 1 2 2 4
140 1 2 1 2 1 2 4
141 2 2 2 2 1 3 6
142 3 2 1 3 2 4 7
143 1 2 1 2 2 3 5
144 1 1 1 2 1 2 3
145 2 2 1 1 1 2 4
146 2 2 1 2 1 3 5
147 2 2 1 2 2 3 6
148 1 2 1 2 1 2 4
149 2 2 1 2 1 2 4
150 2 2 1 2 2 3 6
151 0 3 3 1 1 2 5
152 2 2 1 2 3 3 5
