153 0 2 1 2 1 2 4
154 2 1 2 2 2 3 5
155 2 1 2 2 2 3 5
156 2 2 1 1 1 2 4
157 1 1 1 1 1 2 3
158 1 2 1 2 1 2 4
159 3 1 1 2 2 4 6
160 2 1 1 2 2 3 5
161 2 2 1 2 2 3 5
162 2 2 1 2 1 2 4
163 1 1 1 2 1 2 3
164 4 4 4 2 2 3 9
165 0 0 1 2 0 1 2
166 2 2 1 2 1 3 5
167 2 3 2 1 0 1 3
168 0 1 2 2 2 2 5
169 2 1 1 2 2 3 5
170 2 1 2 2 2 2 4
171 1 2 1 2 1 2 4
172 3 2 3 1 1 3 6
173 3 2 2 3 2 4 7
174 2 3 2 2 1 3 6
175 1 1 1 2 1 2 4
176 4 3 3 4 3 4 8
177 1 2 1 1 1 2 4
178 2 2 2 3 2 3 6
179 1 1 1 1 1 2 3
180 2 2 1 2 1 3 5
181 1 2 2 2 1 2 4
182 2 4 3 2 2 3 7
183 2 3 3 2 2 3 6
184 2 2 2 2 2 3 6
185 1 2 1 2 1 2 4
186 3 3 1 3 2 3 6
187 3 2 2 3 2 3 6
188 2 2 1 2 1 3 5
189 2 1 2 2 1 2 4
190 2 3 2 2 2 3 6
191 1 2 1 1 1 2 4
192 2 2 1 2 2 3 5
193 0 1 1 1 0 1 2
194 1 2 1 1 1 2 3
195 1 2 1 1 1 1 3
196 2 1 2 2 1 3 5
197 2 1 2 2 2 3 5
198 3 2 2 2 2 4 7
199 1 1 2 2 1 2 4
200 2 1 1 2 2 3 5
201 2 2 2 3 2 3 5
202 3 2 1 3 2 4 7
203 0 0 1 2 0 2 3
204 2 2 2 2 2 3 6
205 0 2 1 2 1 2 3
206 1 2 2 1 1 2 4
207 4 3 2 3 3 4 8
208 0 0 1 2 0 2 3
209 1 2 2 1 1 2 4
210 1 1 1 2 1 2 3
211 1 2 2 2 2 3 5
212 0 0 1 2 1 1 2
213 2 2 2 2 2 3 5
214 3 2 2 3 2 4 8
215 1 1 2 2 1 2 4
216 2 2 2 2 2 3 5
217 1 2 1 2 1 2 4
218 2 2 2 2 2 3 5
219 1 1 1 1 1 2 3
220 3 1 1 2 2 4 6
221 1 2 1 2 1 2 4
222 3 3 3 2 2 3 7
223 1 2 1 1 1 2 3
224 2 2 1 2 2 3 5
225 3 2 1 3 2 4 7
226 1 2 2 2 2 3 5
227 2 2 0 1 1 2 4
228 2 2 1 2 1 3 5
229 1 2 1 2 1 2 4
230 1 1 1 1 1 2 3
231 1 2 1 1 1 2 3
232 1 0 1 1 1 1 2
233 3 3 2 2 1 2 6
234 0 0 1 2 0 2 3
235 0 3 3 2 1 2 5
236 3 3 2 2 2 3 7
237 1 1 2 2 2 2 4
238 1 3 2 2 1 3 6
239 3 1 1 2 2 4 6
240 3 1 1 2 2 4 6
241 0 2 2 1 1 1 3
242 2 2 1 1 1 2 4
243 2 2 1 2 2 3 5
244 1 1 1 2 1 2 3
245 2 3 2 2 2 3 6
246 3 4 3 3 2 4 8
247 2 1 1 2 1 2 4
248 1 1 1 2 1 2 3
249 2 2 2 2 1 2 4
250 2 1 1 2 2 3 5
251 0 1 1 1 0 1 2
252 1 2 1 2 1 2 4
253 3 3 2 2 1 2 6
254 2 3 2 2 3 3 7
255 1 2 2 2 3 3 5
256 2 2 2 2 1 3 5
257 2 2 1 2 2 3 5
258 2 2 1 2 3 3 6
259 2 2 1 3 2 3 5
260 3 2 1 3 3 4 7
261 0 1 1 1 0 1 2
262 1 2 1 2 1 2 4
263 2 2 1 2 1 3 4
264 2 2 2 2 2 3 6
265 3 3 2 2 2 4 7
266 1 1 1 1 1 1 3
267 1 1 1 1 1 2 3
268 0 3 3 1 1 2 5
269 1 1 1 2 1 2 3
270 3 3 2 3 2 4 7
271 1 1 1 2 1 2 3
272 0 2 2 1 1 2 4
273 1 1 1 2 1 2 3
274 1 1 1 2 2 2 4
275 2 3 2 2 2 3 6
276 1 1 1 2 2 3 4
277 1 1 1 2 1 2 3
278 0 1 3 2 2 3 6
279 1 2 1 2 2 2 4
280 2 2 2 2 1 2 5
281 1 1 1 2 1 2 3
282 3 3 2 2 2 3 7
283 2 3 2 3 2 3 6
284 2 2 1 2 1 3 5
285 3 2 2 3 3 4 8
286 2 2 1 2 1 3 5
287 2 2 1 2 1 3 5
288 3 3 2 3 2 4 7
289 2 2 1 2 2 3 5
290 1 1 2 2 2 3 5
291 2 2 2 2 2 3 5
292 1 1 1 2 1 2 4
293 2 2 2 2 2 3 5
294 1 1 1 1 1 2 3
295 1 1 1 1 1 1 3
296 1 2 1 2 2 2 4
297 2 2 2 3 2 3 6
298 2 3 1 2 2 3 6
299 2 2 2 2 2 3 5
300 2 2 1 2 1 3 5
301 2 2 1 2 2 3 5
302 1 1 1 1 1 2 3
