303 2 1 1 1 1 2 4
304 0 0 1 1 1 1 2
305 1 1 1 1 1 2 3
306 2 2 1 2 1 3 5
307 4 4 3 3 3 4 9
308 3 3 1 2 2 3 6
309 0 2 1 2 1 2 4
310 3 3 1 2 1 3 6
311 2 2 2 2 2 3 6
312 2 1 2 2 3 3 6
313 2 1 1 2 2 3 5
314 1 4 4 2 1 3 8
315 1 1 1 2 2 3 5
316 3 2 1 3 2 4 7
317 2 2 2 2 2 3 6
318 3 3 2 1 2 3 6
319 2 2 1 2 2 3 5
320 2 3 2 2 2 3 6
321 1 1 1 2 1 2 4
322 1 1 1 1 1 2 3
323 2 3 2 2 2 4 7
324 1 1 1 2 2 2 4
325 1 0 1 1 0 1 2
326 1 2 2 1 1 2 4
327 2 2 2 2 3 3 6
328 0 0 1 2 0 2 3
329 1 2 1 1 1 2 3
330 3 1 2 2 2 4 6
331 0 0 1 2 0 1 2
332 2 3 2 2 2 3 6
333 3 2 2 2 1 2 5
334 0 0 1 2 0 2 3
335 0 1 1 1 1 1 2
336 2 2 1 2 3 3 5
337 3 3 3 3 2 4 7
338 2 2 1 2 1 3 4
339 0 1 1 1 1 2 3
340 1 1 1 1 1 1 3
341 2 2 1 1 1 3 5
342 1 2 1 1 1 2 4
343 2 1 1 2 1 3 5
344 2 2 1 2 1 3 5
345 2 1 1 2 2 3 6
346 1 1 2 1 1 2 3
347 3 2 1 3 2 4 7
348 2 1 1 2 2 3 5
349 2 2 1 2 2 3 5
350 3 2 1 3 3 4 8
351 3 3 2 2 2 4 6
352 2 2 1 2 1 3 4
353 1 1 1 1 1 2 3
354 1 3 2 2 2 3 6
355 2 1 1 2 3 4 6
356 2 2 1 2 2 3 5
357 0 0 1 2 0 2 3
358 2 2 1 2 1 3 5
359 2 1 1 1 1 2 4
360 2 2 1 2 1 2 4
361 1 2 1 1 1 2 3
362 1 2 2 1 1 2 4
363 1 2 1 1 1 2 3
364 1 2 1 2 1 2 4
365 0 3 2 1 1 2 4
366 1 2 1 1 1 2 3
367 3 2 1 3 2 4 6
368 3 3 1 2 2 3 6
369 3 3 1 2 2 4 7
370 1 1 1 2 1 2 3
371 2 2 1 2 1 2 4
372 2 2 1 1 1 3 5
373 2 2 1 2 1 3 5
374 1 1 1 1 1 1 2
375 0 3 4 2 1 3 7
377 2 2 2 2 2 3 6
378 3 3 2 2 1 3 6
379 3 3 2 3 2 4 7
380 1 2 1 1 1 2 3
381 2 3 2 2 2 3 6
382 2 1 1 2 3 3 5
383 2 2 1 2 1 3 4
384 2 1 1 1 1 2 4
385 2 2 1 2 1 3 5
386 2 2 1 3 3 3 6
387 2 2 1 2 1 3 5
388 0 2 1 1 1 1 2
389 2 2 2 2 2 3 5
390 1 1 1 1 1 1 2
391 3 3 3 3 2 4 7
392 2 2 2 2 2 3 6
393 1 1 1 1 1 2 3
394 2 2 2 2 2 3 5
395 1 1 1 1 1 2 3
396 0 1 3 1 1 2 4
397 1 1 1 1 1 2 3
398 1 2 1 1 0 1 2
399 0 1 1 1 1 1 2
400 2 1 1 2 1 3 4
401 1 1 1 1 1 2 3
402 2 2 2 2 2 3 5
403 0 1 2 1 1 1 3
404 2 2 1 2 1 3 5
405 1 2 1 2 2 3 4
406 2 2 2 2 1 2 4
407 0 2 2 1 1 1 3
408 2 1 1 2 1 2 4
409 3 3 2 3 3 4 8
410 0 1 1 2 1 2 3
411 3 2 1 3 3 4 8
412 3 1 1 2 2 4 6
413 2 2 2 2 2 3 6
414 0 1 1 1 0 1 2
415 1 1 1 2 2 2 4
416 2 2 1 2 2 3 5
417 3 2 2 3 2 4 6
418 3 2 1 2 2 4 7
419 0 1 2 1 1 1 3
420 0 2 2 1 1 2 4
421 3 3 3 3 2 2 7
422 2 1 1 2 1 3 5
423 2 1 1 2 3 3 6
424 2 1 1 2 2 3 5
425 1 3 2 1 1 2 5
426 0 0 1 2 0 2 3
427 2 1 1 2 3 4 6
428 1 2 1 1 1 2 4
429 1 2 2 2 1 2 4
430 1 1 1 2 1 2 3
431 1 1 2 2 1 2 4
432 1 2 1 2 1 2 4
433 0 2 2 1 1 2 4
434 2 2 1 2 1 3 5
435 0 1 1 1 1 1 3
436 3 1 1 2 2 3 6
437 3 3 2 2 2 3 6
438 2 2 1 2 2 3 5
439 0 0 1 2 0 2 3
440 1 1 2 2 2 3 5
441 1 2 3 1 1 1 4
442 2 2 1 2 1 3 5
443 1 2 2 3 2 3 5
444 1 1 1 2 1 2 4
445 0 1 2 1 1 2 4
446 2 2 1 2 1 3 5
447 3 2 2 3 2 4 7
448 1 1 1 1 1 2 3
449 0 1 1 1 0 1 2
450 3 3 2 2 2 4 7
451 3 2 1 3 3 4 7
452 2 2 1 2 1 2 4
453 2 2 2 2 2 3 6
