454 2 1 3 2 2 2 5
455 2 1 1 2 1 2 4
456 2 2 2 3 2 3 5
457 3 1 1 3 2 4 7
458 3 4 3 2 2 4 8
459 2 1 1 2 2 3 5
460 1 1 2 2 2 2 4
461 2 2 1 2 2 3 5
462 0 1 1 0 0 1 2
463 1 2 1 2 1 2 4
464 2 1 1 2 2 3 5
465 2 2 3 3 2 4 7
466 1 1 1 2 1 2 4
467 4 3 3 3 3 4 8
468 1 1 1 1 1 2 3
469 0 1 1 1 1 1 3
470 2 1 1 3 2 3 5
471 3 1 1 4 3 4 8
472 3 3 1 2 2 3 6
473 3 3 3 3 3 4 8
474 1 2 1 1 1 2 4
475 1 1 1 1 1 1 3
476 1 1 1 1 1 2 3
477 1 1 1 1 1 1 3
478 2 1 1 2 2 3 5
479 0 0 1 2 1 1 2
480 2 1 1 3 1 2 4
481 1 2 2 3 2 3 5
482 1 2 2 1 1 2 4
483 0 1 1 3 1 2 3
484 3 3 3 2 3 4 8
485 2 2 1 2 2 3 5
486 3 2 1 3 2 4 6
487 1 1 1 2 2 2 4
488 2 2 1 2 2 3 5
489 2 2 2 1 1 2 5
490 1 1 1 2 2 2 4
491 0 3 3 0 1 1 3
492 0 3 3 1 1 3 6
493 1 1 1 1 1 1 2
494 2 1 2 2 2 3 5
495 2 1 2 2 1 2 4
496 2 1 2 2 2 3 4
497 3 1 1 2 3 4 6
498 1 1 1 1 1 1 3
499 2 1 2 2 1 3 5
500 2 1 1 2 1 2 4
501 3 1 1 2 2 4 6
502 1 1 1 2 1 2 3
503 0 1 1 0 0 1 2
504 3 1 1 3 3 4 7
505 3 2 2 3 2 4 7
506 1 1 2 2 1 2 4
507 1 1 1 2 1 2 3
508 2 1 1 2 2 3 5
509 3 2 1 2 2 4 6
510 3 2 1 2 2 4 6
511 3 2 1 2 1 3 5
512 2 1 2 2 2 3 5
513 1 1 1 1 1 2 4
514 2 1 1 2 2 3 4
515 1 3 2 1 2 3 6
516 2 1 1 2 2 3 5
517 1 2 2 2 1 3 5
518 1 1 1 2 2 2 4
519 1 1 1 1 0 1 3
520 3 3 2 2 2 3 6
521 1 2 1 1 1 2 4
522 0 1 1 0 0 1 2
523 0 0 1 2 1 2 3
524 1 1 1 1 1 1 3
525 0 2 1 0 0 1 2
526 2 2 2 2 2 3 6
527 0 0 1 1 1 1 2
528 1 1 1 1 1 2 3
529 2 2 1 2 1 3 5
530 1 1 2 1 2 2 4
531 0 1 1 1 1 1 2
532 1 1 1 2 1 2 4
533 2 1 1 2 1 3 4
534 1 1 1 1 1 2 4
535 2 2 1 2 2 3 5
536 3 4 3 2 1 3 7
537 3 1 1 4 3 4 7
538 3 1 1 3 2 4 7
539 2 2 2 2 2 3 6
540 2 2 1 2 2 3 5
541 0 2 1 0 0 1 2
542 2 1 1 2 2 3 5
543 0 0 1 3 1 2 3
544 1 1 1 1 1 2 3
545 2 2 2 2 2 3 5
546 0 2 1 3 1 3 4
547 2 1 2 2 1 3 5
548 1 2 2 1 1 3 5
549 1 1 2 1 1 2 4
550 1 2 1 2 2 3 5
551 1 1 1 2 1 2 4
552 3 2 2 2 2 3 6
553 1 1 1 1 0 0 2
554 2 2 2 3 2 4 6
555 2 3 1 2 2 3 6
556 3 3 1 2 2 4 7
557 2 3 2 2 2 2 6
558 2 2 2 1 1 3 5
559 0 0 1 3 1 2 3
560 0 2 1 1 1 1 3
561 0 0 1 3 1 2 3
562 2 3 2 2 1 2 6
563 1 1 2 2 2 3 4
564 2 1 2 2 2 3 5
565 2 2 1 2 1 3 5
566 3 1 1 3 2 4 7
567 1 3 3 1 2 3 7
568 3 1 1 3 3 4 7
569 2 1 2 2 2 3 5
570 2 1 1 2 1 3 4
571 1 1 1 1 1 1 3
572 1 1 1 2 1 2 4
573 1 2 2 1 2 3 5
574 1 1 2 2 1 2 4
575 1 1 1 1 1 1 3
576 4 4 2 3 3 4 9
577 3 2 2 3 3 4 8
578 2 1 1 2 2 3 5
579 1 1 1 1 1 1 3
580 0 1 2 1 1 1 3
581 3 3 1 2 1 3 6
582 2 1 1 1 1 2 3
583 0 1 1 2 1 1 2
584 2 1 1 2 1 2 4
585 1 1 1 1 1 2 4
586 1 1 1 2 1 2 3
587 0 1 1 2 1 1 3
588 2 1 1 2 1 3 4
589 3 2 3 3 2 4 7
590 1 1 1 1 1 2 3
591 2 2 2 3 2 4 6
592 1 1 1 1 1 2 3
593 3 1 1 3 2 4 6
594 2 1 1 2 2 3 5
595 0 3 2 1 1 3 6
596 3 3 1 2 2 4 7
597 1 2 2 1 1 1 3
598 2 1 1 2 1 3 5
599 3 2 2 2 2 3 6
600 2 1 1 2 1 3 4
601 2 1 1 2 1 3 5
602 1 1 1 2 1 2 3
603 2 1 2 2 1 3 4
