604 0 1 1 1 1 1 2
605 0 1 2 1 1 1 3
606 4 3 3 3 2 4 8
607 1 1 1 2 1 2 3
608 2 2 2 3 2 3 5
609 2 2 2 3 2 3 5
610 1 2 2 2 1 2 4
611 3 2 3 2 1 3 6
612 2 1 1 1 1 2 4
613 0 1 1 2 1 2 4
614 2 3 2 1 1 3 5
615 2 1 1 3 3 4 6
616 4 3 2 3 2 4 8
617 2 2 1 3 2 4 6
618 1 1 2 2 2 3 4
619 2 1 2 1 1 2 4
620 2 3 3 2 2 4 7
621 2 1 1 2 2 3 5
622 0 1 1 2 1 2 3
623 1 1 2 2 1 2 4
624 1 2 1 1 1 3 4
625 0 1 1 1 1 1 3
626 0 1 1 0 0 1 2
627 2 2 1 2 2 3 5
628 1 2 2 1 1 2 4
629 2 2 2 2 2 3 5
630 2 1 2 2 1 3 5
631 3 3 2 2 2 4 7
632 2 2 2 2 1 2 4
633 1 2 2 1 1 3 5
634 2 2 2 3 2 4 6
635 0 0 1 3 1 2 3
636 1 2 1 1 1 3 5
637 2 1 1 1 1 2 4
638 1 1 2 2 1 2 4
639 1 1 1 1 1 2 3
640 3 1 1 4 3 4 8
641 0 2 2 0 0 1 3
642 4 4 2 3 2 4 9
643 3 1 1 3 2 4 6
644 2 2 1 2 1 3 5
645 3 1 2 3 3 4 7
646 3 1 2 2 1 3 5
647 2 2 1 2 2 3 5
648 2 2 1 2 1 3 5
649 0 1 1 2 0 1 2
650 3 3 3 3 3 4 8
651 1 1 1 1 1 2 4
652 1 1 2 2 1 3 4
653 1 2 1 2 1 2 4
654 2 2 1 2 2 3 5
655 0 1 3 2 1 2 4
656 0 1 1 1 1 1 3
657 2 2 2 2 2 3 5
658 2 1 1 3 2 3 5
659 2 1 1 2 1 3 4
660 0 1 1 0 0 1 2
661 3 2 1 2 2 3 5
662 2 2 1 2 1 2 5
663 2 2 1 2 2 3 5
664 1 1 1 2 1 2 4
665 2 1 1 2 2 3 4
666 0 2 3 1 1 3 5
667 2 2 2 1 1 3 5
668 2 1 1 3 2 3 4
669 2 3 3 2 1 1 5
670 2 2 1 2 3 4 6
671 3 2 2 2 2 2 5
672 2 1 2 3 3 4 6
673 1 1 1 1 1 2 3
674 1 1 1 2 1 2 3
675 2 2 2 2 2 3 5
676 2 1 2 2 2 3 5
677 2 1 2 2 2 3 5
678 1 1 1 1 1 2 3
679 2 1 1 3 2 3 4
680 3 3 2 3 2 4 7
681 3 1 1 3 2 4 6
682 1 2 2 2 2 2 4
683 2 1 1 2 1 3 4
684 2 2 2 2 1 2 5
685 3 3 1 3 3 4 8
686 2 1 2 1 1 2 4
687 1 1 1 2 1 2 3
688 2 1 1 2 1 3 4
689 0 2 3 1 1 1 3
690 3 3 3 2 3 4 8
691 2 1 2 2 2 3 5
692 2 2 2 2 2 3 5
693 2 2 2 3 3 4 6
694 2 1 2 2 2 3 5
695 2 1 1 2 1 3 4
696 0 2 1 3 2 3 5
697 1 2 1 2 1 2 4
698 1 1 1 1 1 1 3
699 2 2 2 2 2 3 5
700 2 2 1 2 2 3 5
701 2 1 1 2 1 2 4
702 2 1 1 2 1 2 4
703 2 1 1 2 2 3 5
704 0 0 1 3 1 2 3
705 2 2 1 2 2 3 5
706 1 2 1 1 2 2 4
707 1 1 1 1 1 1 2
708 1 1 1 1 1 2 3
709 2 3 2 2 2 3 6
710 0 1 1 1 1 1 3
711 2 2 2 2 2 3 5
712 2 1 1 2 2 3 4
713 1 1 1 1 1 1 2
714 2 1 1 1 1 2 4
715 2 1 1 2 2 3 4
716 2 3 1 3 2 4 6
717 0 0 1 4 1 2 3
718 1 1 1 1 1 1 3
719 2 1 2 2 2 3 4
720 1 1 1 2 1 2 3
721 2 2 1 2 1 3 5
722 3 1 1 3 2 4 7
723 2 1 1 2 2 3 4
724 2 2 3 3 2 3 5
725 1 1 1 2 1 2 3
726 2 1 1 2 2 3 5
727 1 1 1 1 1 0 2
728 3 2 2 2 2 3 5
729 0 0 1 3 1 2 3
730 1 2 2 2 1 3 5
731 1 2 2 2 2 3 5
732 1 2 2 2 1 3 5
733 3 2 1 2 2 4 6
734 2 2 1 3 2 4 6
735 3 1 1 3 3 4 7
736 2 2 1 1 1 1 3
737 0 1 2 2 1 2 4
738 3 1 1 3 3 4 8
739 1 2 2 2 2 3 5
740 1 1 1 1 2 2 3
741 2 2 1 2 2 3 5
742 1 1 2 1 1 2 4
743 1 1 2 2 2 3 4
744 2 1 2 2 1 2 5
745 2 2 1 2 2 3 5
746 2 1 2 3 3 4 7
747 4 4 2 1 1 3 6
748 1 3 3 1 1 3 6
749 0 0 1 1 1 1 2
750 2 1 1 2 2 3 4
751 3 3 2 3 2 4 8
752 2 2 2 3 2 4 6
753 1 2 1 2 1 2 4
