754 2 2 1 2 3 3 5
755 3 1 1 2 2 4 7
756 2 1 2 2 2 3 5
757 2 2 2 2 2 3 5
758 1 1 1 1 1 1 3
759 1 1 1 1 1 2 3
760 2 1 1 2 1 3 4
761 3 1 1 3 2 4 6
762 1 1 1 2 2 2 4
763 2 1 1 3 2 3 5
764 1 1 1 2 1 2 3
765 2 2 1 2 1 3 5
766 3 1 1 3 2 4 6
767 2 1 2 2 1 3 5
768 0 1 1 1 1 1 2
769 2 2 1 2 2 3 4
770 4 3 2 3 2 3 8
771 1 1 2 2 1 2 4
772 1 1 1 2 2 3 5
773 0 1 2 2 2 2 4
774 2 2 2 2 2 3 5
775 1 1 2 1 1 1 3
776 1 2 1 1 2 3 5
777 1 2 3 2 2 3 6
778 2 2 1 2 1 3 5
779 0 0 1 1 1 1 2
780 1 1 2 2 2 2 4
781 1 1 2 3 2 3 5
782 1 1 2 2 1 2 4
783 2 1 1 2 1 3 4
784 2 1 2 2 2 3 5
785 2 3 2 2 2 4 7
786 1 2 2 2 1 3 5
787 0 3 3 2 1 1 5
788 1 1 1 2 1 1 3
789 2 1 1 2 1 3 4
790 1 1 1 1 1 2 3
791 2 2 2 2 1 2 5
792 2 1 1 2 2 3 5
794 1 1 2 2 1 2 4
795 1 1 1 3 2 3 4
796 1 1 1 1 1 1 3
797 2 3 2 2 2 4 6
798 1 1 1 1 1 2 4
799 1 1 1 2 1 2 3
800 2 2 1 2 1 3 5
801 3 1 1 3 2 4 6
802 2 3 1 2 2 3 6
803 3 3 1 3 2 4 7
804 3 2 3 3 3 4 7
805 1 2 2 2 1 2 4
806 3 3 1 2 2 3 6
807 2 1 1 2 2 3 5
808 1 1 1 2 1 2 3
809 2 2 1 1 1 3 5
810 2 2 2 2 2 3 5
811 3 3 1 2 2 2 6
812 2 1 1 2 1 3 4
813 2 1 1 2 1 3 4
814 0 1 1 1 1 1 2
815 2 2 3 3 2 4 7
816 3 1 2 3 3 4 7
817 3 3 1 2 2 4 6
818 1 1 1 1 1 1 3
819 3 2 2 3 2 3 6
820 3 1 1 3 2 4 6
821 2 2 1 2 1 3 4
822 2 2 1 2 2 3 5
823 2 2 1 2 1 2 4
824 1 1 1 2 1 1 3
825 2 1 1 2 2 3 5
826 1 1 1 2 1 2 3
827 2 2 2 1 1 1 3
828 2 2 2 2 2 3 5
829 1 2 2 2 1 3 5
830 2 1 1 2 2 3 4
831 0 2 1 0 0 1 3
832 1 3 2 1 1 3 6
833 2 2 1 2 2 3 5
834 0 1 1 1 1 1 2
835 1 2 2 2 1 2 4
836 3 1 1 3 2 4 6
837 1 1 1 2 1 2 3
838 1 1 2 2 2 3 5
839 2 1 2 2 3 3 5
840 1 2 2 2 2 3 5
841 1 2 2 2 1 2 4
842 1 1 1 1 1 2 3
843 0 1 2 1 1 1 3
844 3 1 1 3 2 3 5
845 1 1 1 2 2 2 4
846 2 2 2 2 3 4 6
847 0 1 1 1 1 1 2
848 4 4 2 3 3 4 8
849 2 1 1 2 2 3 5
850 1 1 2 2 1 2 4
851 3 1 2 2 2 4 6
852 2 2 1 2 2 3 5
853 2 2 1 2 2 3 5
854 2 2 1 2 1 3 5
855 2 1 1 2 1 2 4
856 2 1 1 2 1 2 4
857 3 2 1 2 2 4 6
858 3 2 3 3 2 4 7
859 1 1 1 2 1 2 3
860 3 1 1 3 2 4 6
861 0 1 1 1 1 1 2
862 2 2 1 2 2 3 5
863 1 1 1 1 1 2 3
864 3 3 2 3 3 4 8
865 1 2 2 1 2 2 4
866 3 2 2 2 1 3 6
867 2 2 1 2 1 3 5
868 3 2 1 2 2 4 6
869 0 1 1 0 1 1 2
870 2 4 3 1 1 3 7
871 2 3 2 2 2 4 7
872 1 1 2 1 1 2 4
873 2 1 1 3 2 3 5
874 3 1 1 2 2 4 6
875 1 1 1 2 1 2 3
876 2 2 2 2 2 3 5
877 1 1 2 2 1 2 3
878 3 4 3 1 1 2 6
879 2 2 2 2 2 2 5
880 2 2 1 3 2 3 6
881 2 1 1 2 2 3 5
882 3 3 1 3 2 3 7
883 0 1 1 1 1 1 3
884 0 2 2 1 1 2 4
885 1 1 2 2 2 2 4
886 2 2 3 2 1 3 5
887 1 1 1 1 1 2 3
888 3 1 1 3 2 4 7
889 2 1 1 1 1 2 3
890 1 2 1 2 1 2 4
891 1 1 1 1 1 2 4
892 3 1 2 2 2 4 6
893 0 1 2 2 1 2 4
894 3 3 3 3 3 4 8
895 1 2 2 2 1 3 5
896 2 2 2 2 2 3 5
897 0 2 2 1 1 2 4
898 1 3 3 2 2 3 6
899 1 2 2 2 2 3 5
900 2 1 1 2 2 3 5
901 2 1 1 2 1 3 4
902 0 1 1 0 0 1 1
903 2 1 2 2 1 3 5
904 1 2 1 1 1 2 4
