905 2 2 1 2 1 3 6
906 0 1 1 1 1 1 3
907 1 2 2 2 1 2 4
908 1 2 1 1 1 2 4
909 3 3 3 2 2 4 8
910 2 2 1 1 1 1 4
911 2 2 1 2 2 3 5
912 2 2 1 2 2 3 5
913 2 1 1 2 1 2 4
914 2 1 1 1 1 3 5
915 1 2 1 2 1 2 4
916 0 0 1 2 1 2 3
917 2 2 1 2 1 3 6
918 1 1 1 1 1 2 4
919 3 2 1 3 2 4 7
920 2 2 1 2 1 3 5
921 1 2 2 2 2 3 5
922 0 0 1 2 1 2 3
923 3 3 2 2 2 1 6
924 1 1 1 3 2 3 5
925 1 1 1 1 1 2 3
926 0 1 1 1 1 1 2
927 0 3 3 2 1 2 5
928 1 2 1 1 1 2 4
929 1 2 2 2 1 2 4
930 2 3 3 2 3 4 7
931 2 1 1 2 1 2 4
932 3 2 2 3 2 4 7
933 1 1 1 2 2 2 4
934 1 1 1 1 1 2 4
935 0 2 1 1 1 2 3
936 3 2 1 3 2 4 7
937 1 1 1 2 1 2 4
938 1 1 1 1 1 2 4
939 3 3 1 3 2 4 7
940 0 0 1 2 1 2 3
941 0 1 1 2 2 3 4
942 1 1 1 2 2 3 4
943 3 2 2 3 2 4 7
944 1 1 1 2 2 3 4
945 1 1 1 1 1 2 4
946 0 2 2 1 1 1 3
947 1 1 1 2 1 2 4
948 1 2 1 2 1 2 4
949 4 4 2 3 2 4 9
950 1 2 2 2 2 3 5
951 1 3 2 1 1 1 4
952 0 0 1 2 1 2 3
953 2 2 1 2 1 3 6
954 0 2 2 2 2 2 5
955 2 1 2 2 1 3 4
956 3 3 1 3 3 4 8
957 2 2 1 2 1 3 5
958 3 3 1 2 2 4 7
959 1 1 1 2 2 2 4
960 1 2 2 1 2 2 5
961 2 2 1 2 2 4 6
962 1 2 1 2 1 3 5
963 2 2 2 2 1 3 5
964 0 2 1 1 1 2 5
965 0 1 1 0 0 1 2
966 1 1 1 1 2 3 5
967 1 2 1 2 1 2 4
968 2 2 1 2 2 3 5
969 2 2 1 2 1 3 5
970 2 2 1 2 1 3 5
971 1 2 1 1 1 2 4
972 2 2 1 2 3 4 6
973 1 2 1 1 1 3 5
974 3 2 1 3 2 4 7
975 2 2 1 2 1 3 5
976 2 3 3 2 2 4 7
977 3 2 1 2 1 3 5
978 0 1 1 2 1 2 3
979 1 2 2 2 1 2 5
980 1 1 1 1 1 2 4
981 3 2 1 3 1 4 6
982 0 0 1 2 2 3 4
983 2 2 2 2 1 3 5
984 3 3 2 3 2 3 7
985 1 2 2 2 1 2 5
986 2 2 1 2 2 3 5
987 1 1 1 2 1 2 3
988 2 2 1 2 1 3 6
989 2 3 1 2 1 3 5
990 1 2 1 2 1 2 4
991 0 0 1 2 2 3 4
992 0 2 1 1 1 2 4
993 1 2 1 1 1 3 5
994 4 3 4 3 3 4 9
995 1 2 1 2 1 3 5
996 1 1 1 2 1 2 4
997 1 1 1 1 1 2 4
998 1 2 2 2 1 3 5
999 2 2 1 2 2 4 6
1000 1 1 1 2 1 2 3
1001 1 3 2 2 1 3 6
1002 1 2 1 2 1 2 4
1003 0 1 1 1 1 1 2
1004 0 1 1 1 1 1 2
1005 2 2 1 2 1 2 4
1006 3 2 1 3 2 4 7
1007 2 1 1 1 1 2 4
1008 1 1 1 1 1 2 4
1009 2 2 1 2 2 3 6
1010 1 1 0 0 0 1 3
1011 3 4 2 3 2 4 8
1012 2 2 1 2 1 3 5
1013 2 2 1 2 2 3 5
1014 0 1 1 2 1 2 3
1015 2 2 2 1 1 3 5
1016 3 2 1 2 1 3 6
1017 1 1 1 1 1 2 3
1018 1 1 1 1 1 2 4
1019 1 0 1 1 1 1 2
1020 1 1 2 1 1 2 3
1021 1 3 2 2 1 3 6
1022 3 4 3 3 2 4 8
1023 0 1 0 0 0 1 1
1024 1 1 1 2 1 2 4
1025 2 2 1 2 2 4 6
1026 2 1 1 2 1 3 5
1027 2 2 1 2 1 2 4
1028 1 1 1 1 1 2 3
1029 0 2 2 2 1 3 5
1030 3 2 1 2 2 4 6
1031 2 1 2 2 1 3 5
1032 1 2 1 1 1 2 4
1033 1 3 2 2 2 3 6
1034 1 3 1 1 1 1 4
1035 1 1 1 2 1 2 4
1036 0 1 1 0 0 1 1
1037 1 1 1 1 1 2 4
1038 2 3 2 2 1 3 6
1039 1 1 2 2 1 3 5
1040 0 1 1 2 1 2 4
1041 1 1 1 2 2 3 5
1042 1 2 2 2 2 2 5
1043 1 1 1 2 1 2 4
1044 3 4 2 3 2 4 8
1045 3 2 1 3 2 4 7
1046 0 2 1 1 1 2 4
1047 2 2 1 2 2 4 6
1048 1 1 1 0 1 1 2
1049 2 2 1 2 1 3 5
1050 0 2 2 2 1 3 5
1051 2 3 2 2 2 3 6
1052 1 1 1 2 1 2 4
1053 2 2 1 2 2 3 5
1054 1 1 1 1 1 1 3
