1055 0 0 1 2 1 2 3
1056 2 2 2 2 1 3 6
1057 1 2 2 2 1 2 4
1058 2 2 1 2 1 3 5
1059 1 2 1 2 2 3 5
1060 0 2 1 1 1 1 4
1061 2 1 1 2 1 3 5
1062 2 2 1 2 2 3 6
1063 2 2 1 2 2 3 6
1064 2 1 1 2 1 3 5
1065 2 2 1 2 1 3 5
1066 0 2 2 2 1 3 5
1067 2 2 1 2 2 3 5
1068 2 2 3 2 2 3 6
1069 3 2 1 3 3 4 7
1070 2 2 1 2 2 3 5
1071 4 4 1 3 2 3 8
1072 1 1 1 2 1 2 4
1073 1 2 1 2 1 3 5
1074 1 1 1 1 1 1 3
1075 2 3 2 2 1 3 6
1076 3 2 1 2 1 3 5
1077 1 2 1 2 1 2 4
1078 2 2 2 2 1 3 5
1079 0 1 1 0 0 1 3
1080 0 1 1 1 1 1 2
1081 0 1 1 0 0 0 1
1082 1 1 1 2 2 3 5
1083 3 2 1 3 2 4 7
1084 2 3 3 2 2 3 7
1085 0 1 2 1 1 1 3
1086 2 2 1 2 2 3 5
1087 2 2 2 2 1 3 6
1088 2 1 2 2 1 3 5
1089 1 2 1 2 1 2 4
1090 1 2 1 2 1 3 5
1091 1 1 1 2 1 2 3
1092 3 3 2 2 2 3 7
1093 1 1 1 1 1 2 4
1094 1 2 1 2 1 2 4
1095 1 1 1 2 2 3 5
1096 1 1 1 2 1 2 4
1097 1 2 2 2 1 2 4
1098 0 0 1 2 1 2 3
1099 0 2 2 2 1 3 5
1100 1 3 2 2 1 3 5
1101 1 1 1 2 1 2 4
1102 4 4 2 3 2 4 9
1103 0 0 1 2 1 3 4
1104 3 2 2 2 1 2 6
1105 0 2 1 2 2 2 4
1106 1 1 2 2 1 3 5
1107 2 2 1 2 1 2 4
1108 0 2 1 2 1 2 4
1109 1 1 1 1 1 1 3
1110 2 2 1 2 1 3 5
1111 1 2 2 2 2 3 5
1112 2 1 2 2 1 3 5
1113 0 1 1 2 1 2 4
1114 1 1 1 1 1 3 5
1115 1 2 1 2 1 2 4
1116 3 3 1 3 2 4 7
1117 2 2 1 2 2 4 6
1118 3 2 1 2 1 3 6
1119 2 2 2 2 1 3 5
1120 2 2 1 2 2 3 5
1121 3 2 1 4 2 4 7
1122 2 3 3 2 1 3 7
1123 2 1 2 3 2 3 5
1124 2 2 1 2 1 3 5
1125 0 1 1 1 1 1 2
1126 3 3 1 3 2 4 7
1127 2 2 1 2 1 2 5
1128 1 3 2 2 1 4 7
1129 1 1 1 2 1 2 3
1130 0 0 1 2 1 2 3
1131 2 2 2 2 1 2 5
1132 1 2 1 1 1 2 4
1133 3 2 1 3 2 4 7
1134 0 2 2 2 1 3 5
1135 2 2 1 2 1 3 6
1136 1 1 1 2 1 2 4
1137 1 1 1 2 2 3 5
1138 0 0 1 2 1 3 4
1139 1 1 1 1 1 2 3
1140 1 1 1 1 1 2 3
1141 1 1 1 2 1 2 4
1142 0 1 1 1 1 1 3
1143 2 2 2 2 1 3 5
1144 1 2 1 2 2 3 5
1145 2 2 2 2 1 3 6
1146 1 2 1 1 1 2 4
1147 2 3 2 3 2 4 7
1148 3 3 3 3 2 4 8
1149 1 1 1 1 1 2 4
1150 2 2 1 2 2 3 5
1151 1 1 1 1 1 2 4
1152 1 1 1 2 1 2 3
1153 2 1 2 2 1 2 4
1154 2 2 1 2 2 3 5
1155 1 2 2 2 1 3 5
1156 1 1 1 2 1 3 5
1157 3 2 1 3 2 4 6
1158 1 1 1 1 1 2 4
1159 2 2 1 2 2 3 6
1160 3 2 1 3 2 4 7
1161 2 2 1 2 1 3 5
1162 1 2 1 1 1 2 4
1163 2 2 2 3 2 3 6
1164 1 2 1 2 2 3 5
1165 1 1 1 2 1 2 4
1166 1 2 2 1 1 2 4
1167 2 2 1 2 1 3 5
1168 1 2 1 2 1 2 4
1169 1 1 2 1 1 2 3
1170 1 1 1 1 1 2 3
1171 1 1 1 2 1 1 3
1172 0 1 1 2 1 2 3
1173 2 1 1 2 2 3 5
1174 2 3 2 2 1 3 6
1175 2 2 1 2 2 3 6
1176 1 1 1 2 2 2 4
1177 1 1 1 3 2 3 5
1178 2 2 2 2 1 2 4
1179 2 2 1 1 1 3 5
1180 0 2 1 0 1 1 3
1181 1 2 1 1 1 2 4
1182 0 0 0 1 1 1 2
1183 0 1 1 1 1 1 3
1184 2 3 1 3 1 3 6
1185 1 2 1 3 2 4 6
1186 2 2 1 2 1 3 5
1187 1 1 1 1 1 3 4
1188 1 2 1 2 1 2 4
1189 1 1 1 2 1 2 3
1190 1 2 1 2 1 2 4
1191 2 1 1 1 1 2 4
1192 0 0 1 2 1 2 3
1193 3 2 1 2 2 4 6
1194 2 3 3 2 3 3 7
1195 2 2 2 2 2 3 5
1196 2 1 1 1 1 2 4
1197 0 2 2 2 1 3 5
1198 2 2 2 2 1 3 6
1199 2 3 2 3 2 4 7
1200 2 2 1 1 1 3 5
1201 0 1 1 1 1 1 2
1202 1 1 1 2 1 3 5
1203 3 2 2 3 3 4 7
1204 2 1 2 2 1 2 5
