1205 2 3 2 2 1 3 6
1206 1 1 1 2 1 3 4
1207 1 1 1 1 1 2 3
1208 1 1 1 1 1 2 4
1209 2 2 1 2 1 3 5
1210 1 3 1 2 1 3 5
1211 0 1 1 1 1 1 2
1212 1 1 1 2 1 2 4
1213 3 4 2 3 1 3 7
1214 3 2 2 2 2 4 7
1215 3 2 2 3 2 4 7
1216 0 0 1 2 1 2 3
1217 1 1 1 1 1 2 3
1218 1 2 2 2 2 3 5
1219 3 3 3 2 2 4 8
1220 2 2 1 2 2 3 5
1221 3 3 1 2 1 3 6
1222 1 1 1 2 1 2 3
1223 1 1 1 1 1 2 4
1224 1 2 1 1 1 2 4
1225 1 1 1 1 1 2 4
1226 1 2 1 2 1 1 4
1227 3 2 1 2 2 4 6
1228 3 3 2 2 2 4 7
1229 3 2 1 4 2 4 7
1230 0 1 1 1 1 1 3
1231 2 2 1 2 2 3 6
1232 0 0 1 2 2 2 4
1233 1 2 1 2 2 3 5
1234 1 2 2 2 1 2 5
1235 1 2 1 2 1 2 4
1236 2 2 1 3 2 4 6
1237 3 3 3 3 2 4 8
1238 0 3 3 2 1 3 6
1239 1 3 3 2 1 3 6
1240 0 1 0 0 0 1 1
1241 3 2 1 2 1 3 5
1242 1 1 1 1 1 2 3
1243 3 2 2 3 1 3 6
1244 3 2 1 3 2 4 7
1245 1 2 1 1 1 2 4
1246 0 0 1 2 1 2 3
1247 1 1 1 1 1 2 3
1248 3 3 3 2 2 3 7
1249 1 1 1 2 1 2 3
1250 2 3 2 2 2 3 6
1251 2 1 1 2 1 3 4
1252 1 1 1 2 1 2 4
1253 3 2 1 2 1 3 5
1254 2 1 1 2 1 3 5
1255 2 1 1 2 1 2 4
1256 3 3 3 2 2 3 6
1257 2 2 1 2 2 3 6
1258 1 1 1 1 1 2 4
1259 2 2 2 2 1 2 5
1260 0 0 1 2 1 2 3
1261 0 1 1 1 1 1 3
1262 1 2 1 1 2 2 4
1263 2 1 1 2 1 3 5
1264 3 3 2 3 2 4 8
1265 3 3 2 3 2 4 7
1266 3 2 1 3 3 4 7
1267 0 3 3 1 1 2 5
1268 1 2 1 2 2 3 5
1269 1 2 1 1 1 2 4
1270 3 3 2 3 2 4 8
1271 0 0 1 2 1 2 3
1272 2 2 1 2 1 3 6
1273 3 2 2 2 2 4 7
1274 2 2 2 2 1 3 5
1275 3 2 2 3 2 4 6
1276 2 1 1 2 1 3 5
1277 2 2 1 2 2 4 6
1278 1 1 1 1 1 2 4
1279 3 2 2 3 2 3 5
1280 1 2 1 2 3 3 5
1281 1 2 1 1 1 2 4
1282 1 1 1 2 2 3 5
1283 3 3 3 2 2 4 8
1284 1 1 1 2 1 2 4
1285 1 3 3 2 1 3 6
1286 2 1 1 1 1 2 4
1287 3 2 1 3 2 4 7
1288 2 2 2 2 1 3 5
1289 2 2 1 2 1 3 5
1290 3 2 1 3 3 4 7
1291 2 2 1 2 2 3 6
1292 3 2 2 3 3 3 7
1293 2 2 1 2 2 3 5
1294 3 2 1 2 1 4 6
1295 3 2 1 3 2 4 7
1296 2 2 2 2 1 3 5
1297 1 1 1 1 1 2 3
1298 1 1 1 2 1 2 3
1299 0 0 1 2 1 2 3
1300 0 1 1 0 0 1 2
1301 2 2 1 2 1 3 5
1302 3 3 1 2 2 4 7
1303 2 2 0 2 1 3 5
1304 2 2 1 2 1 2 5
1305 1 2 1 1 1 2 3
1306 1 3 3 1 1 2 5
1307 1 1 1 2 1 2 3
1308 2 2 1 2 1 3 5
1309 2 2 1 2 1 3 5
1310 2 2 1 2 2 3 6
1311 3 2 1 4 2 4 7
1312 2 2 2 2 2 3 6
1313 1 1 2 1 1 2 3
1314 1 2 1 1 1 2 3
1315 0 0 1 2 1 2 3
1316 3 4 1 2 1 3 7
1317 1 1 2 2 1 2 4
1318 1 2 1 2 1 3 5
1319 2 2 1 2 3 4 7
1320 2 2 1 2 1 3 5
1321 2 2 2 2 1 2 5
1322 0 0 1 2 1 2 3
1323 3 3 1 2 2 4 7
1324 2 2 1 2 1 3 5
1325 1 1 1 1 1 2 4
1326 2 2 2 2 2 4 7
1327 0 1 1 1 1 1 2
1328 2 3 2 2 2 4 7
1329 0 0 1 2 1 2 3
1330 1 2 1 1 1 2 4
1331 2 2 1 2 1 3 4
1332 2 2 2 2 2 3 6
1333 1 2 1 2 2 3 5
1334 1 1 1 2 1 2 4
1335 0 1 2 1 1 1 3
1336 1 2 1 1 1 2 4
1337 3 2 1 2 1 3 6
1338 1 1 1 2 1 1 3
1339 1 1 1 2 1 3 4
1340 1 1 1 2 1 3 4
1341 2 3 1 2 2 4 7
1343 1 1 0 0 0 1 3
1344 2 2 2 2 1 3 5
1345 3 3 3 2 1 4 8
1346 3 2 2 2 2 4 7
1347 1 1 1 1 1 2 3
1348 2 3 1 2 1 3 6
1349 1 1 1 2 2 3 5
1350 3 3 3 3 2 4 8
1351 3 3 2 2 2 4 7
1352 2 2 2 2 1 3 6
1353 2 1 1 2 1 3 4
1354 1 2 1 1 1 2 4
1355 2 2 1 2 1 3 6
