1356 3 3 2 2 2 3 7
1357 2 2 1 1 1 2 5
1358 2 2 1 1 1 2 5
1359 2 2 1 2 2 3 5
1360 2 2 2 2 1 2 5
1361 1 2 1 2 2 3 5
1362 1 1 1 2 2 3 5
1363 3 4 3 3 2 3 8
1364 1 1 1 1 1 2 4
1365 1 1 1 1 1 1 3
1366 2 1 1 2 2 3 5
1367 1 1 1 1 1 2 4
1368 0 1 1 2 2 2 4
1369 1 3 2 2 1 3 6
1370 0 1 0 1 1 1 2
1371 1 2 1 1 1 2 5
1372 2 2 1 2 2 3 5
1373 2 2 2 2 1 3 6
1374 2 3 2 2 2 3 7
1375 2 1 1 2 1 3 5
1376 2 2 1 1 1 2 5
1377 1 2 1 1 1 3 5
1378 3 2 2 2 2 3 6
1379 2 2 1 2 2 3 6
1380 2 2 1 2 1 3 5
1381 2 2 1 2 2 3 5
1382 2 1 1 2 2 3 5
1383 1 2 1 1 1 2 5
1384 3 3 2 2 2 4 7
1385 1 3 1 1 1 1 3
1386 1 2 1 2 2 3 5
1387 2 1 1 1 1 2 4
1388 0 1 1 1 1 1 2
1389 4 4 3 3 2 4 8
1390 2 1 1 2 2 2 4
1391 3 2 2 2 1 3 6
1392 2 2 2 2 1 2 4
1393 3 3 1 3 2 4 8
1394 1 2 2 2 1 2 5
1395 3 3 2 2 2 3 7
1396 3 4 3 3 2 4 8
1397 0 1 2 2 1 2 4
1398 3 3 1 1 1 2 5
1399 3 3 2 3 2 4 8
1400 2 2 1 2 2 3 5
1401 2 3 2 3 2 4 7
1402 0 1 1 1 0 1 2
1403 2 2 2 2 2 4 6
1404 3 2 1 4 2 4 7
1405 3 3 2 3 2 4 8
1406 2 3 2 2 2 3 6
1407 3 2 1 3 2 4 7
1408 1 1 1 1 1 2 4
1409 3 3 2 3 3 4 7
1410 0 1 1 2 1 1 3
1411 1 1 1 1 1 2 4
1412 2 1 1 2 2 3 5
1413 4 3 2 3 2 4 8
1414 1 1 1 1 2 2 4
1415 2 2 1 2 2 2 4
1416 2 2 1 3 2 4 6
1417 1 2 2 2 1 2 4
1418 1 1 1 2 1 2 4
1419 1 1 2 2 2 3 5
1420 2 2 1 2 1 3 6
1421 2 1 1 2 1 2 4
1422 4 3 2 3 2 3 8
1423 1 1 1 2 2 3 5
1424 0 0 0 0 0 0 1
1425 0 1 1 1 1 1 3
1426 1 1 1 1 1 2 4
1427 0 1 1 2 2 2 4
1428 0 1 1 1 1 1 3
1429 0 1 2 1 1 2 4
1430 2 2 2 2 1 3 6
1431 0 1 1 2 2 2 4
1432 2 1 1 2 2 3 5
1433 1 1 1 2 1 2 4
1434 1 1 1 1 1 2 4
1435 2 2 1 2 1 3 5
1436 1 1 1 2 2 3 5
1437 0 1 1 1 1 1 3
1438 1 1 1 2 1 3 4
1439 2 2 1 2 1 3 5
1440 2 2 1 2 2 3 5
1441 3 4 2 3 2 4 8
1442 2 2 1 2 1 3 5
1443 2 2 1 2 2 3 5
1444 1 1 1 1 1 2 3
1445 2 2 2 2 1 3 5
1446 2 2 1 2 2 3 6
1447 3 3 2 3 2 4 7
1448 2 2 2 2 1 2 5
1449 2 1 1 1 1 2 4
1450 3 3 2 2 2 4 7
1451 3 2 1 3 3 4 7
1452 1 1 2 1 0 1 3
1453 3 4 2 3 2 4 8
1454 2 2 1 3 2 3 5
1455 1 1 1 2 1 2 4
1456 0 1 1 2 2 2 4
1457 1 1 1 1 1 2 4
1458 2 2 1 2 2 3 5
1459 2 2 1 2 1 2 5
1460 3 2 1 3 2 4 7
1461 3 3 2 3 2 4 7
1462 1 2 1 2 1 3 5
1463 2 2 2 2 2 3 6
1464 0 2 1 1 1 2 4
1465 1 1 1 1 1 2 4
1466 3 3 2 3 2 4 8
1467 2 1 1 2 2 3 5
1468 2 2 2 2 2 3 6
1469 1 1 2 1 1 2 4
1470 1 3 2 2 2 3 6
1471 1 2 1 1 1 2 4
1472 0 1 1 2 1 2 3
1473 2 2 1 2 1 2 4
1474 3 3 2 3 2 4 7
1475 1 1 1 2 1 2 4
1476 3 2 1 4 3 4 8
1477 3 3 1 2 1 3 5
1478 2 3 2 2 2 3 6
1479 0 1 1 2 1 2 4
1480 1 1 1 1 0 2 4
1481 3 2 1 2 1 4 6
1482 1 1 1 1 1 2 3
1483 0 1 1 2 2 2 4
1484 3 4 1 2 1 3 6
1485 3 3 2 3 3 4 7
1486 2 2 2 2 1 3 5
1487 2 2 1 2 2 3 5
1488 1 2 1 1 1 2 4
1489 3 2 1 3 2 4 7
1490 1 1 1 1 1 2 4
1491 2 2 1 2 3 3 5
1492 0 1 0 0 0 0 1
1493 2 2 1 2 2 3 5
1494 3 2 1 2 1 3 6
1495 2 2 1 2 1 3 5
1496 2 2 2 2 1 3 6
1497 3 2 1 2 1 3 6
1498 2 2 2 2 2 3 5
1499 1 1 1 1 1 2 3
1500 3 2 1 4 3 4 8
1501 2 1 1 2 2 3 5
1502 1 1 1 1 1 2 4
1503 1 1 1 1 1 2 4
1504 3 2 1 4 3 4 8
1505 2 3 2 2 2 4 7
