1506 1 1 1 2 2 2 4
1507 2 1 1 2 1 3 5
1508 2 2 2 1 1 2 4
1509 4 4 2 3 2 4 9
1510 0 1 1 1 1 1 2
1511 0 1 1 2 1 2 4
1512 1 3 2 2 2 4 7
1513 2 2 2 2 2 3 5
1514 1 2 1 2 2 3 5
1515 0 1 1 1 0 1 2
1516 2 2 2 2 1 3 5
1517 1 1 1 1 1 2 3
1518 0 1 1 2 1 2 4
1519 1 1 1 2 2 2 4
1520 3 3 2 3 2 4 8
1521 2 1 1 2 1 3 4
1522 3 2 1 3 2 3 6
1523 1 1 1 1 1 2 3
1524 3 3 2 3 2 4 7
1525 1 1 1 2 2 3 5
1526 1 1 1 1 1 2 3
1527 1 1 1 2 1 2 4
1528 0 1 1 1 0 1 2
1529 1 2 2 1 1 2 4
1530 2 2 1 2 2 3 6
1531 0 2 1 1 0 1 3
1532 3 2 1 2 1 2 5
1533 3 3 1 1 1 2 6
1534 2 2 1 2 2 3 5
1535 1 2 1 1 1 2 4
1536 1 1 1 1 1 1 2
1537 0 1 1 1 1 1 3
1538 0 1 1 1 0 1 3
1539 1 3 3 2 1 3 6
1540 1 1 1 2 2 3 5
1541 0 1 1 1 1 1 3
1542 2 2 2 3 2 3 6
1543 2 1 1 2 1 2 4
1544 2 3 3 2 2 4 7
1545 0 1 2 2 1 3 5
1546 2 1 1 2 2 3 5
1547 0 1 1 1 1 1 3
1548 2 2 1 2 1 3 5
1549 1 1 1 2 1 2 4
1550 1 2 3 2 1 3 5
1551 1 1 1 1 1 3 4
1552 0 1 1 2 1 2 4
1553 3 2 2 2 2 3 6
1554 1 1 1 1 1 2 3
1555 2 2 2 2 2 3 6
1556 1 1 1 2 1 3 4
1557 0 0 0 1 0 0 1
1558 1 2 2 2 1 3 5
1559 2 1 1 2 2 2 4
1560 2 1 1 1 1 2 4
1561 2 1 1 2 2 3 5
1562 2 1 1 1 1 2 4
1563 1 1 1 1 1 2 4
1564 1 1 1 2 1 2 4
1565 1 1 1 1 1 1 3
1566 2 2 1 2 1 3 5
1567 2 3 2 2 2 3 6
1568 0 1 1 2 2 2 4
1569 1 1 1 2 1 2 4
1570 4 4 2 4 3 4 9
1571 1 2 2 2 2 3 5
1572 3 3 2 2 2 3 6
1573 2 3 2 2 2 3 6
1574 2 2 2 2 2 3 6
1575 0 1 1 2 2 2 4
1576 0 1 1 1 1 1 3
1577 2 3 2 2 1 3 6
1578 1 1 1 1 1 1 3
1579 3 3 1 2 1 3 5
1580 1 1 1 2 1 2 4
1581 3 3 1 2 2 3 5
1582 1 1 1 2 1 2 4
1583 0 1 1 1 1 1 3
1584 2 1 1 2 1 2 4
1585 0 1 1 1 1 1 2
1586 2 2 1 3 3 3 5
1587 1 2 1 2 2 3 5
1588 1 3 2 2 2 3 6
1589 2 1 2 2 1 3 5
1590 0 1 1 2 1 2 4
1591 2 1 1 2 1 3 5
1592 1 1 1 2 1 2 4
1593 2 2 1 2 2 3 5
1594 2 2 1 2 2 3 5
1595 1 3 2 2 1 2 5
1596 1 2 1 2 2 2 4
1597 2 2 1 2 2 3 5
1598 0 1 1 1 1 1 2
1599 1 2 1 2 2 3 5
1600 2 1 1 2 1 2 4
1601 2 1 1 2 1 3 5
1602 3 2 2 3 2 4 7
1603 0 2 2 1 1 2 4
1604 3 2 2 2 2 4 6
1605 3 4 3 3 3 4 8
1606 3 2 1 3 2 4 6
1607 0 1 0 1 0 1 2
1608 1 1 1 2 1 2 4
1609 2 2 2 2 2 3 6
1610 1 1 1 1 1 2 4
1611 3 3 2 2 1 3 6
1612 1 1 1 1 1 2 4
1613 1 1 1 2 2 2 4
1614 2 2 2 2 2 3 6
1615 1 1 1 1 1 2 4
1616 1 2 2 2 1 3 5
1617 2 2 1 2 1 3 5
1618 0 1 1 2 2 2 4
1619 1 2 2 2 1 3 5
1620 0 1 1 1 1 1 2
1621 0 0 0 0 0 0 2
1622 2 3 2 1 1 2 4
1623 2 2 1 1 1 2 4
1624 1 1 1 1 1 2 3
1625 1 1 1 1 1 2 4
1626 0 1 1 1 0 1 2
1627 2 2 1 2 2 3 6
1628 3 3 2 3 2 4 7
1629 2 3 2 2 2 4 7
1630 2 1 1 2 2 3 5
1631 3 3 2 3 2 4 8
1632 1 2 1 2 2 3 5
1633 2 2 2 2 2 3 6
1634 1 2 2 2 2 3 5
1635 1 1 1 1 1 1 3
1636 0 1 2 2 1 2 4
1637 1 2 2 2 1 3 5
1638 1 1 1 2 2 3 5
1639 1 1 1 1 1 2 4
1640 2 3 2 2 2 4 7
1641 0 2 1 1 0 1 2
1642 2 2 1 2 1 3 5
1643 3 2 2 2 2 3 6
1644 2 2 1 3 3 3 5
1645 2 2 1 2 1 3 5
1646 2 2 1 2 2 3 5
1647 1 2 1 2 2 3 5
1648 3 2 1 2 2 2 5
1649 2 2 1 2 1 3 5
1650 3 2 2 3 2 4 6
1651 0 3 2 2 1 2 5
1652 1 2 2 2 3 3 6
1653 1 1 1 1 1 3 4
1654 1 1 1 1 1 1 3
1655 0 1 1 2 1 1 3
