1656 2 3 2 2 2 3 6
1657 2 2 1 2 2 3 5
1658 3 3 2 3 2 4 7
1659 1 1 2 2 2 3 5
1660 3 3 1 2 1 3 6
1661 0 1 1 1 1 1 3
1662 2 1 2 2 2 4 6
1663 1 1 1 2 1 2 4
1664 0 3 3 1 1 2 5
1665 0 1 1 0 0 0 1
1666 3 2 1 2 2 3 6
1667 3 3 2 3 2 4 8
1668 2 2 1 2 1 3 4
1669 1 1 1 1 1 1 3
1670 1 2 1 2 1 2 4
1671 3 3 2 2 2 3 6
1672 2 2 1 2 1 3 5
1673 2 2 1 2 2 3 5
1674 2 2 2 2 2 3 6
1675 1 1 1 1 1 2 4
1676 3 2 1 2 1 3 5
1677 1 1 1 1 1 2 3
1678 2 2 1 2 2 3 5
1679 1 2 0 1 1 1 3
1680 0 1 1 2 1 1 3
1681 0 0 0 0 0 0 1
1682 2 2 1 2 2 3 5
1683 2 3 2 2 2 3 6
1684 1 1 1 1 1 1 3
1685 2 1 1 3 3 3 6
1686 3 3 2 3 2 4 8
1687 0 1 1 2 1 2 4
1688 1 1 1 1 1 2 4
1689 1 1 1 2 1 2 3
1690 1 1 1 1 1 2 3
1691 2 1 1 2 1 2 4
1692 1 1 1 2 1 2 4
1693 1 3 3 3 2 4 7
1694 1 1 2 2 2 3 5
1695 2 1 2 2 1 2 4
1696 0 1 1 2 1 2 3
1697 2 2 2 2 1 3 5
1698 4 4 4 2 1 2 6
1699 1 3 2 2 1 3 6
1700 1 1 1 2 2 3 4
1701 0 2 1 1 1 2 4
1702 1 1 1 1 1 3 4
1703 1 1 1 1 1 3 4
1704 2 2 1 2 2 3 5
1705 1 1 1 1 1 2 4
1706 1 1 1 2 1 2 4
1707 1 2 1 2 2 3 5
1708 3 3 2 3 2 4 8
1709 3 1 1 3 2 4 7
1710 2 1 1 2 1 3 5
1711 1 2 1 2 2 3 5
1712 1 1 2 2 1 3 5
1713 1 1 1 2 2 2 4
1714 1 1 1 2 1 2 4
1715 0 1 1 2 2 2 4
1716 3 4 3 3 2 3 8
1717 0 1 2 2 1 2 4
1718 1 2 2 2 2 3 6
1719 4 4 1 3 1 3 7
1720 2 1 1 1 1 2 4
1721 1 2 1 2 2 3 5
1722 2 1 1 2 2 3 5
1723 1 1 1 1 1 1 3
1724 1 1 1 1 1 2 3
1725 1 1 1 2 1 2 4
1726 1 1 1 2 1 2 4
1727 0 1 1 2 2 2 4
1728 2 2 2 2 2 3 6
1729 3 3 2 3 2 4 8
1730 2 1 1 1 1 1 4
1731 3 4 1 1 1 2 5
1732 3 3 2 2 2 4 7
1733 1 1 1 1 1 2 3
1734 2 2 2 2 2 3 6
1735 0 1 1 2 1 2 4
1736 1 1 1 1 1 2 4
1737 1 1 1 2 1 3 4
1738 0 1 1 2 1 2 4
1739 2 3 1 2 1 3 6
1740 2 2 1 2 2 3 5
1741 3 2 2 3 2 4 7
1742 1 1 1 2 2 3 5
1743 0 0 0 1 0 0 1
1744 0 1 1 1 0 0 1
1745 2 2 1 2 2 3 6
1746 2 2 2 2 2 3 6
1747 1 1 1 2 1 3 4
1748 2 2 1 2 2 3 6
1749 3 2 2 2 2 3 6
1750 1 1 1 2 1 2 3
1751 2 3 1 2 2 3 5
1752 0 1 1 1 1 1 2
1753 2 3 3 2 2 3 7
1754 2 2 2 2 2 3 6
1755 1 1 1 1 1 2 3
1756 2 2 1 2 2 3 5
1757 0 1 2 2 1 2 4
1758 1 1 1 1 1 1 3
1759 1 1 1 2 2 3 5
1760 1 1 1 2 2 2 4
1761 1 2 2 1 2 3 5
1762 2 2 1 1 1 2 5
1763 2 2 1 2 2 3 5
1764 2 2 1 3 2 3 6
1765 2 2 2 3 2 3 6
1766 1 1 1 2 2 3 5
1767 2 2 1 1 1 2 4
1768 2 1 1 2 2 3 5
1769 0 1 1 2 1 2 4
1770 2 2 1 2 2 3 6
1771 2 1 1 1 1 2 4
1772 3 3 2 3 2 3 6
1773 1 1 1 1 1 1 3
1774 0 1 1 1 1 1 3
1775 2 3 2 2 2 4 7
1776 0 1 1 2 1 1 3
1777 0 1 2 1 1 2 4
1778 1 2 2 2 1 2 5
1779 3 3 2 2 2 4 7
1780 2 2 2 2 2 3 6
1781 0 1 0 1 0 0 1
1782 1 2 2 1 1 2 4
1783 1 1 1 2 2 2 4
1784 3 3 1 2 2 3 6
1785 2 2 1 2 1 2 4
1786 2 1 2 2 1 3 5
1787 1 1 2 1 1 2 3
1788 4 4 3 3 2 3 9
1789 2 2 1 2 3 3 5
1790 1 1 1 1 1 2 4
1791 2 2 1 2 1 3 5
1792 1 1 1 2 1 3 5
1793 1 2 1 2 2 3 5
1794 2 2 1 2 1 3 5
1795 1 1 1 2 1 2 4
1796 0 2 1 2 2 3 5
1797 2 2 2 2 2 2 5
1798 3 2 1 3 2 4 7
1799 1 1 1 1 1 1 3
1800 1 3 3 2 1 3 6
1801 0 1 1 2 2 2 4
1802 2 1 1 2 2 3 5
1803 0 1 1 1 1 1 3
1804 0 1 1 1 1 1 3
1805 3 2 2 3 2 4 7
