1806 2 1 1 2 2 3 5
1807 2 2 1 1 2 2 4
1808 1 1 1 1 1 2 4
1809 2 1 1 1 1 2 4
1810 1 2 1 1 1 2 3
1811 3 2 2 2 2 4 7
1812 1 1 1 1 1 2 3
1813 3 4 4 2 2 4 8
1814 4 3 3 3 2 4 8
1815 1 1 1 0 1 1 2
1816 3 2 2 2 1 3 6
1817 1 1 1 1 1 1 3
1818 2 2 1 2 2 3 5
1819 1 1 1 2 1 2 4
1820 1 1 1 1 1 1 3
1821 2 2 1 2 2 3 5
1822 3 2 2 2 1 2 5
1823 0 2 2 1 1 2 4
1824 2 2 2 2 1 3 5
1825 1 1 2 2 2 3 5
1826 3 2 1 2 2 4 7
1827 2 1 1 1 1 2 4
1828 0 0 1 3 1 2 4
1829 2 2 1 1 1 2 4
1830 3 3 3 3 2 4 7
1831 2 2 2 2 2 3 6
1832 1 1 1 2 1 2 3
1833 2 2 2 2 2 3 5
1834 0 0 1 2 1 2 3
1835 3 3 2 2 2 4 7
1836 1 1 1 1 1 2 3
1837 2 1 1 2 2 3 5
1838 3 2 1 3 2 4 7
1839 2 2 2 2 2 4 6
1840 2 2 1 2 2 3 6
1841 0 0 1 3 1 2 4
1842 0 0 1 2 1 1 2
1843 2 2 2 2 2 2 5
1844 0 1 0 1 1 1 2
1845 1 2 2 2 3 3 5
1846 2 1 1 2 2 3 5
1847 0 0 1 3 1 2 3
1848 2 2 1 3 2 3 5
1849 1 1 1 2 1 2 4
1850 2 2 3 1 1 2 5
1851 3 3 3 3 2 3 7
1852 1 2 1 1 1 3 5
1853 3 3 1 2 2 4 7
1854 2 1 1 1 1 3 4
1855 1 1 1 1 1 2 3
1856 3 2 2 2 2 3 6
1857 1 2 2 1 1 2 4
1858 0 1 0 0 1 1 2
1859 2 2 2 1 1 2 5
1860 0 1 0 1 1 1 2
1861 0 2 1 2 2 3 5
1862 1 1 1 2 1 3 4
1863 0 1 1 2 1 1 3
1864 0 0 1 2 1 1 3
1865 0 2 2 1 1 2 4
1866 0 1 2 2 2 3 5
1867 3 2 1 3 2 4 6
1868 0 0 1 1 1 1 2
1869 2 1 1 2 1 3 5
1870 3 2 1 2 2 4 6
1871 1 1 1 2 1 2 4
1872 3 3 2 2 2 4 7
1873 0 1 1 0 1 1 3
1874 2 2 1 2 1 2 4
1875 1 1 1 1 2 3 4
1876 1 1 1 1 1 2 4
1877 2 1 1 2 2 3 5
1878 2 2 1 2 1 3 5
1879 1 1 1 2 2 2 4
1880 2 1 2 2 2 3 5
1881 1 1 1 2 2 3 4
1882 1 2 1 1 1 3 5
1883 0 1 1 1 1 1 2
1884 2 1 1 2 2 4 6
1885 1 1 1 2 1 3 4
1886 3 2 1 3 3 4 6
1887 2 1 1 1 1 3 4
1888 3 2 1 2 2 4 6
1889 1 1 1 1 1 2 4
1890 1 2 2 2 2 3 5
1891 0 0 1 2 1 1 3
1892 0 1 2 1 1 2 4
1893 3 3 3 2 2 4 7
1894 2 2 2 2 2 4 6
1895 0 0 1 3 1 2 3
1896 1 1 1 2 1 2 3
1897 1 1 2 2 2 3 5
1898 1 0 1 1 1 2 3
1899 2 2 1 2 2 4 6
1900 0 1 1 0 1 1 2
1901 3 2 1 3 2 4 7
1902 0 0 1 1 1 1 2
1903 1 1 1 1 1 2 3
1904 1 1 1 1 1 2 3
1905 1 1 1 1 1 2 4
1906 2 3 3 2 2 4 7
1907 2 2 1 1 1 3 5
1908 2 1 1 2 2 3 5
1909 2 1 1 2 2 3 5
1910 0 1 2 1 1 2 4
1911 3 3 2 2 2 4 8
1912 1 1 1 1 1 2 4
1913 2 1 1 2 2 3 5
1914 2 1 1 2 2 3 5
1915 1 2 2 2 2 4 6
1916 0 1 1 1 1 2 3
1917 3 2 1 4 3 4 8
1918 1 1 1 2 2 3 4
1919 3 3 2 2 2 3 6
1920 2 1 1 1 1 2 4
1921 1 1 1 1 1 2 3
1922 3 2 2 3 3 4 7
1923 1 1 1 2 2 3 4
1924 3 2 1 2 2 4 7
1925 0 0 1 2 1 1 2
1926 1 0 1 1 1 2 3
1927 1 1 1 1 1 2 4
1928 3 2 2 2 2 4 7
1929 0 0 0 1 1 1 1
1930 1 1 1 1 1 2 3
1931 1 2 1 1 1 2 4
1932 3 2 2 2 2 3 6
1933 2 2 1 2 2 3 5
1934 2 1 1 2 2 3 5
1935 1 2 1 1 1 3 5
1936 3 2 2 3 3 4 7
1937 0 1 1 1 1 1 3
1938 0 1 2 2 2 3 5
1939 2 2 1 2 1 3 5
1940 1 2 1 1 1 2 4
1941 2 1 1 1 1 2 4
1942 2 1 1 2 2 3 5
1943 1 1 1 1 1 2 3
1944 2 2 1 2 2 4 6
1945 3 2 1 3 3 4 7
1946 2 2 2 2 2 4 6
1947 3 3 2 2 2 4 7
1948 1 2 2 2 1 3 5
1949 3 2 1 3 2 4 6
1950 0 1 0 0 1 1 2
1951 0 0 1 3 1 2 4
1952 3 2 2 3 2 3 6
1953 1 1 1 1 1 2 4
1954 2 2 1 2 2 4 6
1955 2 1 1 1 1 3 4
