1956 2 2 2 1 1 2 4
1957 2 1 1 2 2 3 5
1958 3 2 1 3 3 4 7
1959 0 1 0 1 1 1 2
1960 1 3 2 1 1 3 6
1961 2 1 1 2 1 3 4
1962 2 1 1 2 2 3 5
1963 2 2 2 2 2 3 6
1964 1 3 2 2 2 4 7
1965 1 1 1 1 1 2 4
1966 1 2 2 1 2 3 6
1967 2 2 2 2 2 4 6
1968 2 1 1 2 2 4 6
1969 0 0 0 0 1 0 1
1970 2 1 1 1 1 3 4
1971 2 2 2 2 1 2 5
1972 0 0 0 1 0 0 1
1973 1 2 2 2 1 2 5
1974 3 3 3 3 3 4 8
1975 2 2 1 2 2 4 6
1976 2 1 1 2 1 3 4
1977 2 2 2 2 2 4 6
1978 1 1 1 1 1 2 3
1979 0 1 0 0 1 1 2
1980 1 1 1 1 1 2 3
1981 3 2 1 2 2 4 7
1982 2 2 2 2 2 4 7
1983 2 2 1 2 2 3 5
1984 0 1 1 2 1 1 3
1985 2 2 1 2 1 3 5
1986 0 1 1 1 1 2 3
1987 1 1 1 1 1 2 3
1988 2 2 1 2 2 4 6
1989 0 1 1 1 1 1 2
1990 4 3 2 3 2 4 8
1991 2 3 1 2 2 4 6
1992 1 1 1 2 2 3 4
1993 1 1 1 2 1 3 4
1994 2 2 1 2 1 3 5
1995 2 2 1 2 2 3 5
1996 2 3 2 2 2 4 7
1997 1 2 1 1 1 2 4
1998 0 2 1 1 1 2 4
1999 2 1 1 2 1 3 4
2000 1 1 1 1 1 2 4
2001 1 1 1 2 1 2 4
2002 3 3 2 2 2 4 7
2003 2 2 1 2 2 3 5
2004 1 1 1 1 1 2 3
2005 2 2 2 2 2 3 5
2006 1 1 1 2 1 2 4
2007 0 3 3 1 1 2 5
2008 2 2 1 2 2 3 5
2009 3 4 2 2 2 4 8
2010 1 0 2 2 2 3 5
2011 0 1 1 1 1 2 3
2012 1 1 1 1 1 2 4
2013 2 2 1 1 1 3 5
2014 2 2 2 1 1 3 5
2015 0 0 1 3 2 2 4
2017 1 1 1 1 1 3 4
2018 4 3 2 3 2 4 8
2019 0 0 0 0 0 0 0
2020 1 1 1 1 1 2 4
2021 0 1 2 2 2 3 5
2022 2 2 1 2 2 3 6
2023 1 1 1 1 1 2 4
2024 0 1 1 0 1 1 2
2025 3 2 1 3 2 4 6
2026 1 2 1 2 1 2 4
2027 1 1 1 1 1 2 4
2028 2 3 2 2 2 4 6
2029 1 1 1 1 1 2 3
2030 1 1 1 1 1 2 4
2031 3 3 2 3 2 4 7
2032 1 2 3 2 2 3 5
2033 0 1 1 3 2 3 5
2034 1 1 1 0 1 1 2
2035 0 0 1 1 1 1 2
2036 3 2 2 2 1 3 6
2037 1 1 1 1 1 2 3
2038 1 1 1 1 1 2 3
2039 1 1 0 1 1 1 2
2040 0 0 1 3 2 2 4
2041 1 1 2 2 2 3 4
2042 1 2 1 2 2 3 5
2043 2 1 1 2 2 3 5
2044 2 1 1 2 3 3 5
2045 1 1 1 2 1 2 4
2046 0 0 1 2 1 1 2
2047 1 1 1 1 1 2 3
2048 1 2 2 1 1 2 4
2049 3 2 1 3 3 4 6
2050 3 2 2 2 2 4 6
2051 2 2 1 2 1 3 5
2052 2 1 1 1 2 3 5
2053 0 2 1 2 2 3 5
2054 3 2 1 4 3 4 8
2055 1 1 1 1 1 1 2
2056 1 2 2 2 1 3 5
2057 0 0 1 3 1 2 4
2058 2 3 2 2 2 4 7
2059 1 1 1 2 1 2 4
2060 1 1 1 1 1 2 4
2061 1 1 1 2 2 3 4
2062 2 1 1 2 1 2 4
2063 0 0 1 3 1 2 4
2064 2 1 1 2 2 3 5
2065 1 1 1 1 1 2 3
2066 2 2 2 1 1 3 5
2067 1 1 1 1 1 2 4
2068 0 1 2 2 2 3 4
2069 1 1 1 1 1 2 4
2070 2 1 1 2 1 3 5
2071 1 1 1 1 1 2 3
2072 2 2 1 2 1 3 5
2073 1 2 2 2 2 3 6
2074 2 2 1 2 2 3 5
2075 0 1 1 1 1 1 3
2076 0 1 1 1 1 1 2
2077 3 2 1 3 3 4 7
2078 3 2 2 3 2 4 7
2079 1 1 1 1 1 2 3
2080 2 2 1 2 1 3 5
2081 3 3 1 2 2 4 7
2082 2 2 1 1 1 3 6
2083 2 2 1 1 1 3 5
2084 3 2 1 2 2 4 6
2085 0 1 1 1 1 2 3
2086 2 2 1 2 3 4 6
2087 1 2 1 1 1 3 5
2088 3 2 2 2 2 3 6
2089 0 1 1 1 1 2 3
2090 3 4 3 3 2 4 8
2091 2 3 3 2 2 4 7
2092 2 2 1 2 2 3 6
2093 1 1 1 1 1 2 3
2094 1 1 1 1 1 2 3
2095 1 1 1 1 1 2 3
2096 1 1 1 1 1 2 4
2097 0 0 1 1 1 1 2
2098 1 1 1 2 2 3 4
2099 3 3 1 3 3 4 7
2100 3 2 2 2 2 3 6
2101 4 3 3 3 3 4 9
2102 0 1 1 1 1 1 3
2103 2 1 2 2 2 3 5
2104 3 2 2 2 1 3 6
2105 3 3 3 3 3 4 8
2106 2 1 1 1 1 2 3
