2107 4 3 3 2 2 3 7
2108 2 2 1 2 1 3 5
2109 3 4 2 2 2 4 8
2110 2 1 1 1 2 3 4
2111 2 1 1 1 1 3 4
2112 1 1 1 2 2 3 4
2113 1 0 1 1 1 2 3
2114 3 3 2 3 2 4 8
2115 0 0 1 1 1 1 2
2116 2 1 1 2 2 4 6
2117 0 0 1 1 1 1 2
2118 3 2 1 3 3 4 7
2119 1 1 2 1 2 3 5
2120 2 2 1 2 2 3 5
2121 1 1 1 2 1 2 4
2122 1 2 2 2 2 3 5
2123 3 2 2 3 3 4 7
2124 2 1 0 1 1 1 3
2125 2 1 1 1 1 3 5
2126 2 1 1 1 1 3 4
2127 1 2 1 2 2 2 4
2128 0 1 2 1 1 2 4
2129 1 1 2 2 2 3 5
2130 1 1 1 1 1 3 4
2131 0 1 1 1 1 2 3
2132 1 1 1 1 1 2 3
2133 2 2 1 2 1 3 5
2134 3 3 3 3 3 4 8
2135 2 1 2 2 2 3 5
2136 2 2 1 3 3 4 6
2137 2 1 1 2 2 3 5
2138 0 0 0 0 0 0 1
2139 0 1 1 2 1 2 3
2140 2 2 2 2 1 3 5
2141 3 2 2 3 2 4 6
2142 0 0 0 1 0 0 1
2143 1 1 1 2 2 3 5
2144 2 2 1 2 2 4 6
2145 1 1 1 0 0 1 2
2146 3 2 2 2 2 4 6
2147 0 1 1 0 1 1 2
2148 2 3 3 2 2 4 7
2149 1 1 1 2 2 3 4
2150 3 3 2 3 3 4 7
2151 1 1 1 1 1 3 4
2153 2 2 1 3 3 3 5
2154 2 2 1 1 2 2 4
2155 1 1 2 2 2 3 4
2156 0 1 1 1 1 1 3
2157 0 1 1 1 1 2 3
2158 3 2 2 3 2 4 6
2159 2 2 1 2 1 3 5
2160 3 4 2 3 2 4 8
2161 2 1 1 2 1 2 4
2162 2 1 1 2 2 2 4
2163 1 2 2 2 1 3 6
2164 0 0 1 3 1 2 3
2165 0 2 2 1 1 2 4
2166 1 1 1 2 1 2 4
2167 2 2 2 2 2 3 5
2168 1 1 1 1 1 2 3
2169 3 4 2 3 3 4 8
2170 0 3 2 1 1 2 5
2171 1 2 1 2 2 3 5
2172 1 1 1 2 1 3 4
2173 1 1 1 1 1 2 4
2174 3 2 1 4 3 4 8
2175 3 3 1 3 2 4 7
2176 1 1 1 1 1 2 3
2177 2 2 2 2 2 3 6
2178 2 3 2 2 2 3 6
2179 2 1 1 2 2 3 5
2180 1 3 3 1 1 3 6
2181 1 1 1 2 2 3 4
2182 0 0 1 3 1 2 3
2183 1 1 1 1 1 2 4
2184 1 1 1 2 2 3 4
2185 1 1 1 2 2 3 4
2186 0 1 1 1 1 2 3
2187 1 1 1 1 1 2 4
2188 0 0 1 3 1 2 3
2189 4 3 2 3 2 4 7
2190 1 2 2 1 2 2 5
2191 2 1 1 1 1 2 4
2192 3 3 2 2 2 4 7
2193 1 1 1 1 1 2 3
2194 3 4 2 3 3 4 7
2195 3 2 1 3 3 4 7
2196 1 1 1 1 1 2 3
2197 3 2 2 2 3 3 6
2198 1 1 1 2 1 3 4
2199 2 2 2 2 2 3 5
2200 1 2 2 1 1 3 5
2201 2 1 1 2 2 3 5
2202 0 0 1 3 2 2 4
2203 1 1 1 1 1 2 3
2204 2 3 2 1 1 3 6
2205 3 4 4 3 3 4 9
2206 2 1 1 2 1 3 5
2207 3 2 1 3 3 4 7
2208 2 2 1 1 1 3 5
2209 3 3 2 3 2 4 7
2210 2 1 0 2 2 3 4
2211 1 1 1 2 2 3 4
2212 0 1 1 1 1 1 2
2213 2 1 1 1 1 3 4
2214 2 3 3 2 2 4 7
2215 1 1 1 1 1 2 3
2216 1 1 1 2 1 2 3
2217 0 2 2 2 1 3 5
2218 2 1 2 1 1 2 4
2219 3 3 3 2 2 4 7
2220 3 3 1 2 2 3 7
2221 1 1 2 2 1 3 5
2222 3 2 3 2 2 3 6
2223 1 1 1 1 1 2 4
2224 0 1 2 1 1 1 3
2225 1 2 1 1 1 2 4
2226 0 1 1 3 2 3 5
2227 0 2 2 1 1 2 4
2228 2 2 1 2 2 3 5
2229 2 2 2 2 2 4 6
2230 3 2 1 3 2 4 7
2231 2 2 1 2 2 3 5
2232 2 1 1 2 2 3 5
2233 0 0 1 1 1 1 2
2234 3 3 2 2 2 4 7
2235 1 2 1 1 1 2 4
2236 2 1 1 3 3 4 6
2237 1 1 1 1 1 2 3
2238 0 2 2 0 1 1 3
2239 1 1 1 1 1 2 4
2240 1 1 1 2 2 3 4
2241 0 0 1 3 1 2 4
2242 2 2 2 2 2 3 5
2243 0 0 1 2 1 1 2
2244 2 1 1 2 2 3 5
2245 3 3 3 2 2 4 7
2246 2 2 2 2 2 3 6
2247 1 1 1 1 2 2 3
2248 1 1 1 2 2 3 4
2249 2 1 1 1 1 3 4
2250 0 0 1 3 1 2 3
2251 3 2 1 3 2 4 6
2252 1 1 1 1 1 1 3
2253 4 3 3 3 2 4 8
2254 3 2 1 2 2 4 6
2255 0 0 1 1 1 1 2
2256 3 2 1 3 2 4 7
2257 2 2 1 2 2 4 6
