2258 2 1 1 1 2 2 4
2259 2 1 1 2 1 3 5
2260 3 2 1 3 2 4 7
2261 2 1 1 2 1 2 4
2262 2 1 1 2 2 3 5
2263 2 2 1 2 2 3 5
2264 2 1 1 1 1 2 4
2265 0 0 1 2 1 2 3
2266 1 0 1 1 1 2 3
2267 2 1 1 1 1 2 4
2268 4 4 2 3 2 4 9
2269 3 2 2 3 2 4 7
2270 1 1 1 2 2 2 4
2271 4 4 3 3 2 4 9
2272 3 1 1 3 2 4 6
2273 2 1 1 2 1 3 5
2274 1 1 1 1 1 2 4
2275 1 0 0 1 1 1 2
2276 1 2 1 2 2 2 4
2277 2 1 1 1 1 2 4
2278 2 1 1 3 2 3 6
2279 2 1 1 2 1 3 4
2280 1 1 1 2 1 1 3
2281 0 1 1 2 1 2 3
2282 1 2 3 3 3 3 6
2283 0 1 1 1 1 1 2
2284 1 2 1 1 1 1 3
2285 2 2 1 2 2 3 5
2286 3 3 2 3 3 4 8
2287 3 2 1 3 3 4 6
2288 1 0 1 1 1 1 3
2289 2 2 1 3 2 3 5
2290 3 2 1 2 2 4 6
2291 2 1 2 2 2 3 5
2292 2 2 2 2 2 3 5
2293 1 1 1 1 1 2 4
2294 1 0 1 2 1 1 2
2295 2 2 2 2 2 3 6
2296 2 1 1 2 1 2 4
2297 2 1 1 2 1 3 4
2298 1 1 1 1 1 1 2
2299 2 1 1 3 2 3 5
2300 2 3 3 3 2 4 7
2301 2 1 1 2 2 3 5
2302 1 1 1 2 1 2 4
2303 0 0 1 2 1 2 3
2304 3 3 2 2 2 2 7
2305 1 1 1 1 1 2 3
2306 1 1 1 2 1 2 4
2307 2 1 1 1 2 2 4
2308 1 1 1 1 1 1 2
2309 3 3 1 2 1 4 7
2310 2 2 1 3 2 3 5
2311 1 2 3 2 2 3 6
2312 2 1 1 1 1 2 4
2313 2 1 1 1 1 2 4
2314 1 1 1 3 2 2 4
2315 1 1 1 3 2 2 4
2316 3 1 1 2 3 4 6
2317 2 1 2 2 2 3 5
2318 1 1 2 2 2 3 5
2319 3 4 2 2 1 3 7
2320 2 1 1 3 3 4 6
2321 4 4 2 3 2 4 8
2322 2 4 3 2 2 4 8
2323 1 1 1 2 2 2 4
2324 2 2 2 2 2 3 5
2325 2 2 1 2 2 3 5
2326 2 1 1 2 2 3 5
2327 0 0 1 2 1 1 2
2328 1 1 1 2 1 2 3
2329 4 3 2 2 2 4 7
2330 3 2 1 3 3 4 6
2331 3 3 3 3 3 4 7
2332 0 1 1 2 1 1 2
2333 3 4 3 3 3 4 9
2334 1 1 1 2 1 2 4
2335 3 2 2 3 2 4 6
2336 2 2 1 2 2 3 5
2337 2 2 1 2 1 3 5
2338 2 1 1 2 1 2 4
2339 2 3 1 1 1 3 6
2340 2 2 1 3 2 3 6
2341 3 1 1 2 2 4 6
2342 3 2 2 3 3 4 6
2343 1 1 1 2 1 2 3
2344 1 2 1 1 1 3 5
2345 1 2 2 2 2 3 6
2346 2 3 2 2 3 3 6
2347 1 2 1 0 0 1 2
2348 2 2 1 2 1 3 6
2349 3 4 2 3 2 4 8
2350 1 2 2 2 2 3 5
2351 2 4 3 1 1 2 6
2352 2 1 2 2 2 3 5
2353 2 1 1 2 1 3 5
2354 3 3 1 3 2 4 6
2355 1 2 1 1 1 3 5
2356 2 2 1 2 1 3 5
2357 3 3 2 2 2 2 6
2358 0 0 1 2 1 1 2
2359 0 0 1 2 1 2 3
2360 1 0 1 2 2 2 4
2361 0 1 0 1 1 1 1
2362 1 1 1 1 1 1 3
2363 2 2 1 2 1 2 4
2364 1 2 1 2 2 2 4
2365 1 1 1 1 1 2 3
2366 2 1 1 2 1 3 5
2367 0 1 1 1 1 1 2
2368 0 0 1 2 1 2 3
2369 1 1 2 2 2 3 5
2370 2 2 1 3 2 3 6
2371 0 0 1 2 1 2 3
2372 1 1 1 2 1 1 3
2373 2 2 2 3 2 3 6
2374 2 1 1 1 1 2 4
2375 3 3 1 2 2 4 7
2376 3 3 1 3 3 4 7
2377 3 1 1 3 3 4 7
2378 1 1 1 2 2 3 5
2379 2 1 1 1 1 3 4
2380 2 1 1 2 1 3 5
2381 2 1 1 2 1 3 5
2382 2 1 2 2 2 3 5
2383 1 1 1 2 1 2 4
2384 0 0 1 2 1 1 3
2385 2 2 2 2 2 3 6
2386 0 0 1 2 1 2 3
2387 2 2 1 2 1 2 4
2388 3 4 1 2 1 4 8
2389 0 1 1 0 1 1 2
2390 2 1 1 2 2 3 5
2391 1 1 1 2 1 2 4
2392 2 1 1 3 2 3 5
2393 1 1 2 2 2 2 4
2394 2 0 1 2 2 3 5
2395 0 0 1 2 1 1 3
2396 1 1 1 2 1 2 4
2397 3 1 2 3 2 4 6
2398 2 2 1 2 1 3 6
2399 1 2 1 1 1 2 4
2400 2 2 1 2 2 3 5
2401 2 1 1 2 2 3 5
2402 1 1 1 1 1 2 3
2403 2 1 1 2 1 1 3
2404 1 1 2 3 2 3 5
2405 1 2 1 1 1 2 4
2406 1 1 1 2 1 2 4
2407 2 1 1 1 1 2 4
