2408 1 0 1 1 1 2 3
2409 2 2 1 2 2 3 5
2410 1 1 1 2 1 2 4
2411 2 1 1 1 1 2 4
2412 2 2 1 2 1 3 5
2413 4 4 3 3 3 4 9
2414 3 3 2 2 1 3 6
2415 1 1 1 2 2 2 4
2416 0 1 2 2 1 1 3
2417 1 1 1 1 1 2 4
2418 3 2 3 3 3 4 7
2419 1 0 1 1 1 1 2
2420 1 4 3 1 1 3 7
2421 3 3 1 2 1 3 6
2422 1 2 2 3 2 3 5
2423 2 1 1 2 2 3 5
2424 3 2 1 2 2 4 6
2425 3 1 1 1 1 2 4
2426 1 1 1 2 2 2 4
2427 3 2 1 2 1 3 6
2428 2 1 2 2 1 3 5
2429 3 3 1 2 2 4 7
2430 3 1 1 3 2 4 7
2431 3 3 2 3 3 4 7
2432 1 1 1 1 1 1 3
2433 3 3 1 2 1 4 6
2434 3 2 2 3 2 4 6
2435 0 0 1 2 1 2 3
2436 2 2 2 3 3 4 7
2437 2 2 1 2 2 3 5
2438 2 1 2 2 2 3 5
2439 2 2 2 2 2 2 4
2440 3 3 1 3 2 4 7
2441 1 2 2 1 1 2 5
2442 1 0 1 2 2 2 4
2443 2 2 1 1 1 2 4
2444 2 1 1 2 2 3 5
2445 3 1 1 3 2 4 7
2446 3 4 2 2 2 4 8
2447 1 1 1 1 1 2 3
2448 2 2 2 2 2 3 6
2449 2 1 2 2 2 3 5
2450 2 2 1 1 1 2 4
2451 2 1 1 2 1 1 3
2452 1 1 1 1 1 1 2
2453 1 1 1 2 2 2 4
2454 1 1 1 2 1 2 4
2455 1 1 1 1 1 2 3
2456 2 2 1 1 1 3 5
2457 2 2 1 2 1 3 5
2458 2 2 1 2 2 3 6
2459 2 1 1 2 1 3 5
2460 2 1 2 2 3 4 6
2461 1 0 1 1 1 1 3
2462 3 2 1 3 2 3 6
2463 2 2 1 2 1 3 5
2464 2 1 1 2 2 3 5
2465 1 2 2 2 1 2 5
2466 1 1 2 1 1 2 4
2467 4 3 2 3 2 4 8
2468 3 2 1 3 3 4 6
2469 1 1 1 2 2 2 4
2470 3 3 3 2 2 3 7
2471 0 0 1 1 1 1 2
2472 2 1 1 2 2 3 5
2473 1 2 2 2 2 3 5
2474 0 0 1 1 1 1 2
2475 2 3 3 3 2 4 7
2476 3 3 1 2 2 4 6
2477 1 2 1 2 1 2 4
2478 1 1 1 2 2 2 4
2479 2 1 2 2 2 3 5
2480 3 2 1 3 2 4 7
2481 3 1 2 3 2 3 6
2482 2 4 3 1 1 3 7
2483 0 0 1 2 1 2 3
2484 3 3 2 3 2 4 7
2485 1 1 1 2 1 2 3
2486 3 2 2 2 2 4 7
2487 2 1 2 2 2 3 5
2488 0 1 1 0 0 0 1
2489 1 2 1 2 2 3 5
2490 2 2 1 2 1 2 4
2491 2 2 1 2 2 3 6
2492 1 2 1 2 2 3 5
2493 0 1 1 1 1 1 2
2494 1 1 1 2 2 2 4
2495 3 3 1 3 2 4 7
2496 3 4 2 2 2 4 8
2497 1 2 1 2 1 2 4
2498 1 1 1 1 1 2 4
2499 3 1 1 3 3 4 7
2500 2 1 1 1 1 2 3
2501 1 1 2 2 2 2 4
2502 2 3 2 2 2 1 5
2503 3 2 1 3 3 4 7
2504 2 1 1 2 1 2 4
2505 1 1 1 2 1 2 4
2506 2 1 1 2 1 3 4
2507 3 1 1 4 3 4 7
2508 2 1 2 2 2 3 5
2509 0 1 1 1 1 1 2
2510 3 4 1 1 1 3 6
2511 1 0 1 2 1 2 3
2512 3 3 2 3 2 4 7
2513 2 2 2 1 1 2 5
2514 2 2 1 2 2 3 5
2515 1 0 1 1 2 2 3
2516 1 0 1 1 1 1 2
2517 1 1 1 2 2 3 4
2518 1 1 1 1 1 1 3
2519 2 1 2 2 2 3 5
2520 0 2 2 1 1 2 4
2521 0 0 1 1 1 1 2
2522 3 1 1 2 2 4 6
2523 1 1 1 2 2 2 4
2524 3 1 1 3 2 4 6
2525 1 1 1 2 1 2 3
2526 1 1 1 2 2 2 4
2527 2 2 2 2 2 3 5
2528 2 1 2 2 2 3 5
2529 4 4 2 3 2 4 8
2530 0 1 1 2 1 2 4
2531 1 2 1 2 1 2 4
2532 4 2 2 2 2 4 7
2533 0 1 1 0 0 0 1
2534 1 2 1 1 2 3 4
2535 2 1 1 1 1 3 5
2536 2 1 1 1 1 2 4
2537 3 1 1 3 2 4 6
2538 3 1 1 3 2 4 7
2539 3 3 2 3 2 4 7
2540 0 1 1 2 1 1 3
2541 2 1 1 2 2 3 5
2542 3 2 1 2 2 3 5
2543 0 2 2 2 1 2 4
2544 1 1 1 2 2 2 4
2545 2 2 2 2 1 3 6
2546 2 1 1 2 2 3 5
2547 3 4 2 2 2 4 8
2548 1 2 1 2 1 2 4
2549 2 1 1 2 2 3 5
2550 3 1 1 4 3 4 8
2551 2 1 1 3 2 3 5
2552 2 3 2 2 1 3 6
2553 2 2 1 2 2 3 6
2554 1 1 1 1 1 1 3
2555 3 3 1 2 2 4 7
2556 2 2 2 2 2 3 6
2557 1 1 1 1 1 2 3
