2558 1 1 2 2 2 2 4
2559 2 1 1 2 1 3 5
2560 3 2 2 3 2 4 6
2561 1 2 1 2 1 2 4
2562 1 1 1 2 2 3 4
2563 2 1 1 1 1 2 4
2564 2 2 1 2 1 3 5
2565 0 0 1 2 1 2 3
2566 3 2 1 3 2 4 6
2567 0 1 1 1 1 1 3
2568 2 3 2 2 1 3 6
2569 3 1 1 3 3 4 6
2570 0 2 2 3 2 3 5
2571 2 2 2 2 2 3 5
2572 2 2 1 2 1 3 5
2573 0 1 1 2 1 2 3
2574 1 0 1 1 1 1 2
2575 1 1 1 2 1 2 4
2576 3 1 1 2 2 4 6
2577 1 1 2 2 2 3 5
2578 1 1 1 1 1 2 3
2579 2 1 1 2 1 3 5
2580 2 3 2 2 1 3 6
2581 2 1 1 2 2 2 4
2582 2 3 2 2 2 3 6
2583 1 1 1 1 1 2 3
2584 2 2 3 2 2 3 6
2585 1 2 1 1 1 2 4
2586 0 2 1 0 0 0 1
2587 1 0 1 1 1 1 2
2588 2 1 2 2 1 3 4
2589 1 1 1 2 2 2 4
2591 2 2 1 1 1 3 5
2592 1 2 2 3 2 3 5
2593 3 3 1 3 2 4 7
2594 3 2 2 3 3 2 6
2595 2 3 3 2 2 3 6
2596 2 0 1 2 3 3 5
2597 2 1 1 3 2 3 5
2598 1 1 1 2 2 2 3
2599 3 3 2 3 2 4 7
2600 3 2 2 2 2 3 6
2601 2 2 2 3 2 3 6
2602 2 1 1 2 1 1 3
2603 1 2 2 2 1 1 3
2604 2 2 2 2 2 3 5
2605 2 1 1 2 1 2 4
2606 2 3 2 2 2 3 6
2607 0 1 1 1 1 1 3
2608 2 3 1 2 1 3 6
2609 3 3 2 3 2 4 7
2610 3 2 1 3 2 4 6
2611 1 0 1 2 1 1 3
2612 3 3 2 2 2 4 6
2613 2 1 1 2 2 3 4
2614 3 3 2 2 2 3 7
2615 2 1 2 2 2 3 5
2616 2 2 2 2 1 3 5
2617 3 1 1 3 2 4 6
2618 3 3 2 3 3 4 7
2619 1 1 2 2 1 2 4
2620 2 1 1 3 2 3 5
2621 3 2 1 2 2 4 6
2622 0 1 1 1 1 1 2
2623 2 3 2 2 2 3 6
2624 3 3 2 2 2 3 6
2625 2 1 1 2 2 3 5
2626 1 1 1 1 1 1 2
2627 3 3 3 2 3 4 7
2628 1 1 2 2 1 2 4
2629 3 3 1 3 2 4 7
2630 2 0 1 2 2 3 5
2631 3 1 1 3 2 4 6
2632 2 1 1 1 1 2 4
2633 1 2 2 2 2 2 5
2634 1 1 1 1 1 1 3
2635 1 1 1 1 1 2 3
2636 0 0 1 2 1 1 3
2637 3 1 1 4 3 4 8
2638 1 2 1 1 1 2 3
2639 2 1 1 2 1 2 4
2640 3 3 1 3 2 4 6
2641 2 2 1 2 1 3 5
2642 3 2 1 2 1 3 5
2643 3 2 2 2 3 4 7
2644 1 1 1 1 1 2 3
2645 2 2 1 2 1 3 5
2646 2 3 2 2 2 3 5
2647 3 3 2 3 3 4 7
2648 3 2 2 2 2 3 6
2649 0 1 1 2 1 2 3
2650 1 2 2 2 2 3 5
2651 2 1 1 2 2 3 5
2652 1 2 2 2 2 3 4
2653 3 1 1 1 1 3 5
2654 2 2 2 2 2 3 5
2655 1 1 1 1 1 1 3
2656 2 0 1 1 1 1 3
2657 1 2 1 1 1 2 4
2658 1 1 2 2 1 2 4
2659 2 1 1 2 2 3 5
2660 2 3 2 1 1 2 5
2661 0 0 1 1 1 1 2
2662 2 2 2 2 2 3 6
2663 3 2 2 2 2 3 6
2664 1 2 1 2 1 3 5
2665 3 1 1 3 3 4 7
2666 4 4 2 3 3 4 8
2667 3 2 2 3 2 3 6
2668 4 4 1 3 2 4 8
2669 2 1 1 2 2 3 4
2670 2 1 2 2 2 3 5
2671 3 2 1 3 3 4 6
2672 2 2 1 2 1 3 5
2673 1 2 1 2 2 2 4
2674 2 2 1 2 1 3 5
2675 2 1 1 1 1 1 3
2676 2 1 1 2 2 3 5
2677 3 2 2 2 2 3 6
2678 3 3 1 2 1 4 7
2679 2 1 1 1 1 2 3
2680 1 1 2 2 1 2 4
2681 2 2 1 2 2 3 5
2682 3 2 2 2 2 3 6
2683 2 1 1 2 3 4 6
2684 1 2 2 1 1 2 4
2685 4 2 2 3 2 4 8
2686 4 4 3 3 2 4 9
2687 2 2 1 3 2 3 5
2688 1 2 2 2 1 2 4
2689 0 0 1 1 1 1 2
2690 1 2 1 2 1 2 4
2691 1 1 1 2 2 2 4
2692 0 1 2 1 1 1 2
2693 1 1 1 1 2 2 4
2694 2 1 1 2 1 3 5
2695 0 2 2 1 1 2 4
2696 4 4 1 2 1 3 7
2697 2 1 1 2 2 3 5
2698 3 4 3 3 2 4 8
2699 0 1 1 1 1 1 3
2700 1 1 2 1 1 2 4
2701 2 1 2 2 2 3 5
2702 2 2 1 2 1 3 5
2703 2 2 2 2 2 3 5
2704 3 2 3 3 3 4 8
2705 0 0 1 2 1 2 3
2706 1 1 1 2 1 2 3
2707 3 2 2 3 2 3 6
2708 0 2 2 2 1 2 4
