2709 1 2 1 1 1 2 4
2710 2 2 2 2 3 3 6
2711 3 2 2 2 2 4 7
2712 1 1 2 1 1 2 4
2713 3 3 3 3 2 4 7
2714 2 1 2 2 2 3 5
2715 3 3 2 3 3 4 7
2716 2 2 2 2 2 3 6
2717 3 3 2 3 2 4 7
2718 2 1 1 2 1 2 4
2719 2 2 1 2 1 3 5
2720 2 2 2 2 2 3 5
2721 3 2 1 2 2 4 6
2722 1 1 2 2 2 2 4
2723 2 2 1 2 1 3 5
2724 2 2 1 2 1 3 5
2725 2 2 2 2 2 3 5
2726 0 1 1 0 0 1 2
2727 3 3 1 2 2 4 6
2728 0 1 1 1 1 1 3
2729 3 3 2 2 2 4 7
2730 0 1 1 3 1 2 4
2731 3 3 2 3 2 4 7
2732 2 2 2 2 2 3 5
2733 3 3 3 3 3 4 7
2734 3 3 1 3 2 4 7
2735 1 2 1 1 2 2 4
2736 2 1 1 2 1 3 5
2737 1 2 2 1 1 3 5
2738 3 3 2 2 2 4 7
2739 2 3 1 1 1 3 5
2740 1 1 1 1 1 2 4
2741 1 2 1 1 1 2 4
2742 2 2 2 1 2 3 5
2743 3 2 1 3 2 4 6
2744 1 1 1 2 1 2 4
2745 3 2 1 3 2 4 6
2746 2 2 1 2 2 3 6
2747 3 2 2 2 2 4 6
2748 2 2 2 2 2 3 5
2749 2 3 1 2 1 3 6
2750 2 2 1 1 1 2 4
2751 1 2 3 2 2 3 6
2752 1 1 1 1 1 1 3
2753 2 3 3 2 2 2 6
2754 2 1 1 1 1 3 5
2755 2 2 1 2 1 3 5
2756 2 2 1 2 1 2 4
2757 1 1 1 2 1 2 4
2758 4 3 2 4 3 4 8
2759 0 1 1 1 0 1 2
2760 1 1 2 2 1 3 5
2761 1 1 1 1 1 2 4
2762 1 1 0 1 1 2 3
2763 1 1 1 2 1 3 5
2764 2 1 1 2 2 3 5
2765 1 1 1 2 2 3 5
2766 2 1 1 2 1 3 4
2767 1 1 1 1 1 2 4
2768 3 4 2 1 1 3 6
2769 2 2 1 2 1 3 5
2770 2 1 1 2 1 3 5
2771 0 0 1 3 1 2 3
2772 0 0 1 3 1 2 3
2773 2 1 1 2 2 3 5
2774 1 1 1 2 2 2 4
2775 1 1 1 2 1 2 4
2776 3 2 1 2 2 4 6
2777 2 2 2 3 1 3 5
2778 4 4 2 3 3 4 8
2779 2 3 2 2 2 3 6
2780 3 3 2 2 2 3 6
2781 0 1 1 0 0 1 3
2782 3 3 1 4 3 4 7
2783 0 1 0 0 1 1 2
2784 3 2 1 3 2 4 6
2785 3 4 3 3 3 4 8
2786 3 2 1 2 2 4 6
2787 3 4 2 2 2 4 8
2788 1 1 1 1 1 2 4
2789 3 2 1 2 2 4 6
2790 3 4 3 1 1 3 6
2791 0 2 1 1 1 2 4
2792 2 2 1 2 2 3 5
2793 0 0 1 3 1 2 3
2794 2 2 1 2 1 3 5
2795 1 1 1 2 1 2 4
2796 1 1 1 1 1 2 3
2797 1 1 1 2 1 2 4
2798 1 2 1 1 1 2 4
2799 2 2 2 2 2 3 6
2800 2 1 2 3 2 3 5
2801 2 1 1 2 1 3 5
2802 1 1 0 1 1 2 3
2803 1 2 1 1 1 2 4
2804 3 2 2 3 1 3 6
2805 1 1 2 2 1 3 4
2806 1 1 1 2 1 2 4
2807 1 1 2 2 1 2 4
2808 4 4 3 3 3 4 9
2809 1 1 1 2 2 2 4
2810 1 1 1 1 0 1 3
2811 2 3 2 2 3 3 6
2812 1 2 0 1 1 2 3
2813 1 1 1 1 1 2 3
2814 1 1 1 2 1 2 4
2815 1 2 1 1 1 2 4
2816 1 1 1 2 1 2 4
2817 0 2 2 1 1 2 4
2818 0 0 1 3 1 3 3
2819 2 1 1 2 1 3 5
2820 3 3 3 2 1 3 6
2821 0 2 2 1 1 1 3
2822 2 2 1 2 1 3 5
2823 2 1 1 2 1 2 4
2824 3 2 1 2 2 4 6
2825 3 2 2 2 2 3 6
2826 1 2 1 2 1 2 4
2827 2 1 1 2 1 3 5
2828 2 2 2 2 2 3 6
2829 1 1 1 2 2 2 4
2830 0 2 1 0 0 0 1
2831 1 1 2 1 1 1 3
2832 4 3 2 3 2 4 8
2833 1 1 2 2 2 3 5
2834 2 2 2 1 1 3 5
2835 2 2 1 2 2 3 6
2836 2 1 2 2 1 3 5
2837 3 3 2 2 2 4 7
2838 2 1 2 1 1 2 4
2839 2 2 1 2 2 3 5
2840 2 2 1 2 1 2 5
2841 0 1 1 1 1 1 2
2842 2 3 2 2 2 3 6
2843 2 3 2 2 2 3 6
2844 1 1 1 1 1 2 3
2845 1 1 2 2 1 3 5
2846 2 2 1 2 1 3 5
2847 3 3 3 3 2 4 7
2848 2 2 2 2 1 3 5
2849 2 2 1 2 1 3 5
2850 1 1 1 2 1 2 3
2851 1 1 2 2 1 3 4
2852 3 2 2 3 3 4 6
2853 2 2 2 2 2 3 6
2854 2 2 2 2 1 3 6
2855 1 2 1 1 1 2 4
2856 3 3 2 2 2 4 7
2857 1 1 1 1 1 2 3
2858 3 2 1 3 2 4 6
