2859 1 1 1 2 2 3 4
2860 2 2 1 2 2 3 5
2861 2 2 3 3 1 3 5
2862 0 1 1 2 1 2 3
2863 1 2 1 1 1 2 4
2864 2 3 2 2 1 3 5
2865 0 1 1 3 2 3 4
2866 1 1 1 2 1 2 4
2867 3 4 3 3 3 3 8
2868 0 0 1 3 1 2 3
2869 3 4 2 1 1 3 6
2870 1 1 1 2 1 2 4
2871 1 1 1 2 1 2 4
2872 1 1 1 2 1 3 4
2873 0 0 0 1 0 1 2
2874 2 2 2 2 1 3 5
2875 2 1 1 2 2 3 5
2876 2 2 1 2 1 3 5
2877 1 1 2 2 1 3 4
2878 1 3 2 1 1 3 6
2879 2 3 2 2 1 2 5
2880 1 1 1 1 1 2 3
2881 2 2 1 2 2 3 5
2882 2 2 1 2 2 3 5
2883 1 1 2 2 1 3 4
2884 2 2 2 3 1 3 5
2885 3 3 2 3 2 3 6
2886 1 1 2 2 2 2 4
2887 3 2 1 2 2 4 6
2888 1 1 1 2 1 2 4
2889 0 1 1 1 0 1 2
2890 2 2 1 3 3 3 5
2891 1 1 1 2 1 2 4
2892 1 1 1 1 1 2 3
2893 1 1 1 2 1 2 4
2894 2 1 1 2 2 2 4
2895 3 4 3 3 3 4 8
2896 2 2 1 2 1 3 5
2897 1 1 1 2 1 2 3
2898 1 1 1 2 2 2 4
2899 1 2 1 2 2 2 4
2900 1 2 2 2 1 2 4
2901 0 2 2 1 1 2 4
2902 1 1 1 2 2 2 4
2903 0 1 1 1 1 1 3
2904 0 0 1 3 1 2 3
2905 0 1 2 1 1 1 3
2906 2 2 1 2 2 3 5
2907 2 1 1 2 2 3 5
2908 3 3 2 3 2 4 7
2909 0 0 0 0 0 0 1
2910 3 3 2 2 2 4 7
2911 2 2 2 3 1 3 5
2912 1 1 1 2 1 2 4
2913 2 1 1 2 1 3 4
2914 2 2 1 2 1 2 4
2915 2 2 2 2 2 3 6
2916 2 2 1 2 1 3 5
2917 2 2 3 1 2 3 5
2918 1 3 3 2 1 3 6
2919 1 1 1 1 2 2 3
2920 2 2 1 2 1 3 5
2921 1 2 1 1 1 2 4
2922 0 0 1 3 1 1 2
2923 0 1 1 1 1 1 3
2924 3 2 1 2 2 3 6
2925 1 1 0 1 1 2 3
2926 2 2 1 2 1 3 5
2927 2 2 1 1 1 2 4
2928 2 3 1 2 2 3 6
2929 0 1 2 2 1 2 4
2930 2 3 1 2 2 4 6
2931 2 2 1 2 1 3 5
2932 3 2 1 3 2 4 6
2933 2 3 2 2 1 3 6
2934 1 1 1 2 1 2 4
2935 1 1 1 2 1 2 3
2936 1 1 2 2 1 2 4
2937 2 1 0 2 2 3 4
2938 2 1 2 2 1 2 4
2939 0 0 1 3 1 2 3
2940 1 2 2 2 1 2 4
2941 1 1 1 2 1 2 3
2942 2 2 2 2 2 3 6
2943 4 4 3 3 2 4 8
2944 2 1 1 2 1 3 4
2945 2 1 2 2 2 3 5
2946 1 2 2 2 2 3 5
2947 2 3 2 2 1 3 6
2948 2 2 2 2 2 3 6
2949 0 0 1 2 1 1 2
2950 3 3 2 3 2 4 6
2951 3 2 2 3 2 4 7
2952 2 2 3 1 1 2 5
2953 1 2 2 2 2 3 5
2954 1 2 1 1 1 2 4
2955 2 2 1 1 1 3 5
2956 3 3 1 2 3 4 7
2957 0 1 1 1 0 1 2
2958 1 1 3 2 2 3 5
2959 1 1 1 2 1 2 3
2960 1 1 2 2 1 3 4
2961 0 0 1 2 1 1 3
2962 1 2 1 1 1 2 4
2963 3 3 3 3 1 3 6
2964 0 1 1 1 1 1 3
2965 0 2 1 1 1 1 3
2966 3 2 1 4 3 4 6
2967 3 2 1 3 2 4 6
2968 3 2 1 3 2 3 6
2969 2 2 1 2 1 3 5
2970 2 2 2 1 1 2 5
2971 2 2 1 2 2 3 5
2972 0 0 1 3 1 2 3
2973 2 2 2 2 1 3 5
2974 0 1 1 1 1 1 3
2975 2 3 2 2 1 3 6
2976 1 2 2 2 1 2 5
2977 0 1 1 3 1 3 3
2978 3 2 2 3 2 4 7
2979 0 1 1 2 1 2 3
2980 0 2 1 0 0 1 2
2981 0 1 1 3 1 2 3
2982 0 0 1 2 1 1 2
2983 2 2 2 1 1 2 5
2984 4 4 2 3 2 3 8
2985 1 1 1 2 1 2 4
2986 2 2 2 2 2 3 5
2987 1 1 1 1 2 2 3
2988 1 1 1 1 1 2 4
2989 1 2 1 2 1 3 5
2990 2 1 1 2 1 2 4
2991 2 1 1 2 1 3 4
2992 2 3 2 2 2 3 6
2993 3 3 3 3 2 3 7
2994 1 1 1 1 1 2 3
2995 3 3 1 3 3 4 7
2996 2 2 1 2 1 3 5
2997 4 3 3 3 2 4 8
2998 3 3 2 3 3 4 8
2999 0 1 1 2 1 2 3
3000 1 1 1 1 1 2 4
3001 3 3 2 2 2 4 7
3002 2 2 2 2 1 3 5
3003 0 0 1 3 1 2 3
3004 0 1 1 1 1 1 3
3005 3 3 3 3 2 4 7
3006 3 2 1 2 1 2 5
3007 0 0 1 2 1 1 2
3008 0 1 1 3 1 3 4
