3009 3 3 2 2 2 3 6
3010 0 1 1 0 1 1 2
3011 1 1 1 1 1 2 3
3012 1 2 2 2 2 3 5
3013 2 1 1 2 2 3 5
3014 3 3 2 3 1 3 6
3015 1 1 1 1 1 2 3
3016 0 2 3 2 1 3 5
3017 0 0 1 2 1 1 2
3018 3 2 1 3 2 4 6
3019 1 1 1 1 1 2 3
3020 2 1 1 2 1 3 4
3021 0 0 1 3 1 2 3
3022 1 1 3 2 2 3 5
3023 2 2 1 2 2 3 5
3024 1 1 1 1 1 2 3
3025 4 4 3 3 2 4 9
3026 1 1 2 2 1 2 4
3027 2 2 2 2 2 3 5
3028 2 2 2 2 1 3 5
3029 3 2 1 3 2 4 6
3030 1 2 2 2 1 3 5
3031 2 1 1 2 1 3 5
3032 3 4 3 2 1 3 7
3033 0 1 1 2 1 2 3
3034 1 1 1 1 1 2 3
3035 1 1 1 1 1 1 3
3036 1 1 1 1 1 2 3
3037 1 3 2 1 1 3 6
3038 2 1 1 2 1 3 5
3039 3 4 3 2 2 3 8
3040 2 1 1 2 2 3 5
3041 1 1 1 2 1 2 3
3042 2 2 2 2 1 3 5
3043 0 1 1 2 1 2 3
3044 1 2 1 1 1 2 4
3045 1 1 2 2 1 2 4
3046 3 4 3 3 3 4 8
3047 1 1 1 2 1 2 3
3048 2 2 1 3 3 4 6
3049 2 2 2 2 2 3 6
3050 2 2 1 2 1 3 5
3051 2 2 2 3 2 3 5
3052 2 2 1 3 2 3 5
3053 1 1 1 2 1 2 3
3054 2 2 1 1 1 2 4
3055 1 1 2 2 2 3 5
3056 2 1 2 3 1 3 5
3057 3 2 2 3 2 4 6
3058 2 2 2 2 1 3 5
3059 2 2 2 2 1 3 5
3060 2 1 1 2 1 3 5
3061 1 1 2 2 2 2 4
3062 2 1 1 1 1 2 4
3063 1 1 1 2 1 3 4
3064 0 0 1 3 1 2 3
3065 1 2 1 2 1 2 4
3066 1 2 3 2 1 3 5
3067 1 2 2 2 2 3 5
3068 0 0 1 3 1 2 3
3069 2 2 1 2 1 3 5
3070 0 1 1 1 1 1 2
3071 2 1 1 2 2 3 4
3072 0 1 1 1 1 1 3
3073 3 3 3 2 2 3 7
3074 1 1 1 2 1 2 4
3075 4 4 3 3 2 4 9
3076 3 3 2 3 3 4 8
3077 3 3 1 2 1 3 6
3078 1 1 1 1 1 2 4
3079 3 4 3 3 3 4 8
3080 1 1 2 2 1 3 5
3081 3 3 2 3 2 4 7
3082 2 1 2 3 2 3 5
3083 3 2 1 3 2 4 6
3084 1 2 1 1 1 2 4
3085 1 2 3 2 2 3 5
3086 1 1 1 2 1 3 4
3087 0 1 1 1 1 2 3
3088 2 1 1 2 1 3 5
3089 2 2 1 2 2 3 5
3090 1 2 0 1 1 2 3
3091 2 3 1 2 2 3 5
3092 1 1 2 2 1 2 4
3093 3 3 2 2 2 4 7
3094 1 2 2 2 2 3 5
3095 3 3 1 2 2 2 6
3096 0 2 2 1 1 2 4
3097 0 1 1 2 1 2 3
3098 2 2 2 2 2 3 5
3099 1 1 1 2 1 2 4
3100 1 1 1 1 1 2 4
3101 1 1 1 1 1 2 3
3102 2 2 1 2 1 3 5
3103 2 2 2 2 2 2 5
3104 1 1 2 2 2 3 4
3105 1 1 1 1 1 2 3
3106 1 1 1 1 1 1 3
3107 1 2 2 2 2 3 5
3108 1 2 1 1 1 2 4
3109 2 3 2 2 2 3 6
3110 1 2 2 2 2 3 5
3111 1 3 2 1 1 3 5
3113 3 3 3 2 2 4 7
3114 2 2 2 2 2 4 6
3115 2 2 2 2 1 3 5
3116 4 4 2 2 2 3 8
3117 2 2 2 2 1 2 5
3118 2 2 1 3 2 3 5
3119 2 2 2 2 2 3 5
3120 3 3 2 3 2 4 7
3121 1 1 1 2 1 2 3
3122 1 1 2 2 1 2 4
3123 2 2 1 2 1 2 5
3124 0 1 2 3 1 3 4
3125 3 3 1 4 3 4 6
3126 1 2 1 2 2 3 5
3127 2 2 1 1 1 2 4
3128 2 2 2 3 1 3 6
3129 1 1 2 2 1 2 4
3130 0 0 0 1 1 1 1
3131 2 2 0 2 2 3 5
3132 2 1 1 2 2 3 5
3133 2 2 1 2 1 3 5
3134 2 3 1 3 3 4 6
3135 1 3 2 1 1 2 5
3136 3 2 1 2 2 3 6
3137 1 2 2 2 2 3 5
3138 2 2 1 2 1 3 5
3139 1 1 1 2 1 2 4
3140 1 1 1 1 1 2 3
3141 1 1 2 2 2 3 5
3142 3 3 2 3 2 4 7
3143 1 1 1 2 1 3 4
3144 1 1 1 2 1 2 4
3145 0 1 1 2 1 2 3
3146 3 3 2 3 2 3 7
3147 3 2 1 3 2 4 7
3148 4 4 2 3 2 4 8
3149 1 2 1 1 1 2 4
3150 3 2 2 3 2 4 6
3151 3 3 1 4 3 4 7
3152 0 0 1 3 1 2 3
3153 1 1 1 2 1 2 4
3154 3 3 2 3 2 4 7
3155 0 0 1 3 1 2 3
3156 1 1 1 1 1 2 3
3157 0 1 1 0 0 1 2
3158 1 1 1 2 2 2 4
3159 3 4 3 3 2 4 8
