3160 1 2 1 1 1 2 4
3161 2 2 2 2 1 3 6
3162 2 2 1 2 2 3 6
3163 0 0 1 1 0 1 1
3164 2 2 1 2 2 3 5
3165 2 2 1 1 1 3 5
3166 0 1 1 1 1 2 4
3167 3 2 1 2 1 4 6
3168 0 1 0 0 0 1 1
3169 2 2 2 3 3 3 6
3170 2 2 1 2 1 3 5
3171 3 2 1 3 2 4 7
3172 2 1 1 2 1 3 5
3173 1 1 1 1 1 2 3
3174 2 1 2 2 2 3 5
3175 1 1 1 2 1 2 4
3176 0 1 1 2 1 1 3
3177 1 1 1 2 2 2 4
3178 1 2 2 2 2 3 5
3179 0 1 1 1 0 1 3
3180 2 3 2 1 1 1 4
3181 2 2 2 2 2 3 5
3182 2 1 1 2 1 3 5
3183 2 2 1 1 1 2 5
3184 2 2 2 2 2 3 6
3185 1 0 0 1 0 1 2
3186 1 1 2 2 1 3 5
3187 2 1 1 1 0 2 4
3188 1 1 1 1 1 1 3
3189 1 1 1 2 2 2 4
3190 3 3 2 2 2 4 8
3191 1 2 2 1 1 2 4
3192 2 1 2 2 2 3 5
3193 0 2 2 3 2 3 5
3194 3 3 3 2 2 4 8
3195 0 2 1 3 1 3 5
3196 2 1 1 2 1 3 5
3197 2 2 2 2 1 3 6
3198 1 2 1 1 0 2 4
3199 1 1 1 1 1 2 4
3200 0 0 1 3 1 2 3
3201 1 2 2 2 1 3 5
3202 2 2 2 1 1 3 5
3203 3 3 2 2 2 2 6
3204 1 2 1 1 0 1 3
3205 2 2 1 2 2 3 5
3206 1 1 1 2 0 1 3
3207 3 2 1 2 1 4 6
3208 1 2 1 2 1 2 4
3209 2 2 1 2 2 3 5
3210 3 2 1 2 2 4 6
3211 2 3 4 3 3 3 7
3212 1 2 1 1 1 2 4
3213 2 3 2 1 1 3 6
3214 1 1 1 2 1 2 4
3215 0 1 1 2 1 2 4
3216 2 2 2 2 1 2 4
3217 3 2 1 2 2 4 6
3218 1 1 1 1 0 1 3
3219 1 1 2 2 2 3 5
3220 2 2 1 3 2 3 5
3221 1 1 0 1 0 1 2
3222 2 2 1 2 1 2 4
3223 3 2 1 1 1 2 5
3224 2 2 2 2 1 3 5
3225 2 2 1 1 1 2 4
3226 3 3 1 2 2 4 7
3227 1 1 1 1 1 2 3
3228 1 1 1 2 1 2 4
3229 3 4 3 3 2 4 9
3230 3 2 2 2 1 2 5
3231 3 2 1 2 2 3 7
3232 4 4 3 3 3 4 9
3233 1 1 1 1 1 2 3
3234 2 1 2 2 1 2 4
3235 1 1 1 1 1 2 4
3236 1 1 1 1 1 2 3
3237 2 3 2 2 2 3 6
3238 2 2 2 2 1 3 6
3239 1 1 1 2 1 2 4
3240 1 1 1 1 1 2 3
3241 2 2 2 2 1 3 5
3242 1 1 1 1 1 1 3
3243 2 2 1 1 1 2 4
3244 0 0 1 1 1 1 2
3245 2 2 1 2 2 3 6
3246 2 4 3 1 1 4 8
3247 1 1 2 2 1 2 4
3248 1 2 1 2 1 2 4
3249 1 1 2 2 2 2 4
3250 1 2 1 2 1 2 4
3251 2 1 1 2 1 3 5
3252 2 2 2 2 2 3 6
3253 1 1 1 1 1 2 4
3254 3 2 2 2 1 3 6
3255 0 1 1 1 1 1 2
3256 1 1 1 1 0 1 3
3257 2 3 3 2 1 3 7
3258 2 2 1 2 2 3 6
3259 2 1 1 1 1 3 4
3260 2 1 2 1 1 2 4
3261 1 1 1 2 1 2 4
3262 3 3 2 3 2 4 7
3263 1 2 2 1 1 1 3
3264 1 2 1 2 1 2 4
3265 2 3 3 2 2 3 7
3266 3 2 2 2 2 2 5
3267 0 1 1 2 1 2 3
3268 3 3 2 3 2 4 8
3269 3 2 1 2 2 4 6
3270 2 2 2 1 1 2 5
3271 3 4 3 3 3 4 9
3272 1 1 1 1 1 2 3
3273 0 2 2 1 1 1 3
3274 2 1 1 2 1 3 5
3275 1 2 1 1 1 2 4
3276 0 1 1 1 1 1 2
3277 2 2 2 2 2 3 5
3278 2 2 1 2 2 3 5
3279 1 2 1 2 1 3 5
3280 2 2 1 1 1 1 3
3281 1 1 2 2 1 2 4
3282 1 2 1 2 2 3 5
3283 2 1 1 2 1 3 4
3284 3 4 3 2 1 2 7
3285 1 2 1 2 1 2 4
3286 2 2 2 1 2 3 5
3287 1 1 1 1 1 1 3
3288 2 3 2 2 2 3 6
3289 2 1 1 1 1 1 3
3290 2 1 1 1 1 2 3
3291 2 1 1 1 1 2 4
3292 1 0 1 1 1 1 2
3293 3 2 1 2 2 4 6
3294 3 2 1 3 3 4 7
3295 1 1 0 1 1 2 3
3296 2 1 1 2 2 3 5
3297 2 2 1 2 1 3 5
3298 3 2 2 3 2 4 6
3299 2 1 1 2 1 3 5
3300 1 2 1 2 1 2 5
3301 2 2 2 2 3 3 6
3302 2 2 2 2 2 3 6
3303 2 2 1 2 1 3 5
3304 1 1 1 1 0 1 3
3305 2 1 1 1 2 2 4
3306 0 1 1 2 1 2 3
3307 1 2 1 2 2 3 5
3308 2 1 2 2 1 3 5
3309 3 3 3 3 2 4 8
