3310 2 2 1 2 2 3 6
3311 0 2 1 2 1 2 4
3312 4 2 1 4 3 4 8
3313 2 1 1 2 1 3 5
3314 1 1 2 2 1 2 4
3315 3 4 3 3 3 4 9
3316 0 2 1 0 0 1 2
3317 1 2 1 2 1 3 5
3318 2 2 2 2 2 3 6
3319 0 1 1 1 1 1 3
3320 2 1 1 2 1 3 5
3321 2 2 2 1 1 2 4
3322 3 2 2 2 2 2 5
3323 2 1 1 2 1 2 4
3324 1 1 1 1 1 2 3
3325 2 3 3 3 2 3 6
3326 0 2 2 2 1 2 4
3327 1 1 1 1 0 1 3
3328 1 1 1 2 1 2 4
3329 2 1 1 2 1 2 4
3330 1 1 1 2 2 3 5
3331 2 1 2 2 2 3 5
3332 3 2 1 3 3 4 7
3333 2 1 1 2 1 3 4
3334 2 2 1 3 3 3 6
3335 1 3 1 2 3 3 6
3336 1 2 1 1 1 2 4
3337 4 4 4 3 2 4 9
3338 2 2 2 2 1 3 5
3339 1 1 2 2 1 3 5
3340 0 1 1 2 1 2 3
3341 2 2 2 2 1 3 6
3342 2 1 1 2 2 3 5
3343 3 2 1 2 3 4 7
3344 1 1 1 2 1 2 4
3345 1 1 1 1 1 2 3
3346 2 2 1 2 2 3 6
3347 3 4 3 3 1 2 7
3348 2 2 1 2 2 3 5
3349 2 2 2 2 1 3 5
3350 3 2 1 3 3 3 6
3351 2 1 1 1 1 3 5
3352 1 2 1 2 1 2 4
3353 2 1 1 2 1 3 4
3354 2 2 1 2 2 3 5
3355 2 1 1 2 1 2 4
3356 2 2 1 2 1 3 5
3357 3 2 1 2 2 3 6
3358 1 2 1 1 1 1 3
3359 2 1 1 1 0 1 3
3360 2 1 1 2 1 2 4
3361 0 0 1 3 1 3 4
3362 3 3 2 2 2 4 7
3363 2 2 2 2 1 3 5
3364 2 2 1 2 2 3 6
3365 1 1 1 1 1 1 3
3366 2 2 1 2 2 3 6
3367 2 1 1 2 3 3 5
3368 2 2 2 2 2 3 6
3369 4 4 3 3 2 4 9
3370 1 1 1 1 1 2 4
3371 0 0 1 3 1 3 4
3372 3 3 2 3 2 4 8
3373 2 2 2 2 2 3 6
3374 2 1 1 2 2 3 5
3375 3 4 3 3 3 4 9
3376 0 0 1 1 1 1 2
3377 1 2 2 2 2 3 5
3378 2 1 1 2 1 3 4
3379 0 0 1 2 1 2 3
3380 2 1 1 2 1 2 4
3381 1 1 1 1 0 1 3
3382 1 2 1 2 1 2 4
3383 0 3 3 1 1 2 6
3384 1 1 1 1 1 2 3
3385 2 1 1 1 1 3 5
3386 2 2 1 2 2 3 5
3387 3 2 1 2 2 4 6
3388 0 0 1 2 1 2 3
3389 1 1 1 1 1 2 3
3390 3 3 2 3 2 4 7
3391 0 0 1 1 1 1 2
3392 2 1 1 2 1 2 4
3393 3 4 2 3 1 3 8
3394 0 0 1 3 1 3 4
3395 2 2 1 2 2 3 5
3396 2 2 2 2 1 2 5
3397 2 2 2 2 1 2 5
3398 2 1 1 2 1 2 4
3399 1 3 3 2 2 3 6
3400 2 2 1 2 2 3 5
3401 1 1 1 1 1 2 4
3402 1 1 0 0 0 1 2
3403 2 2 2 2 2 2 6
3404 2 2 1 2 1 2 4
3405 0 1 1 1 1 1 3
3406 0 0 1 3 1 3 4
3407 3 2 1 2 2 2 6
3408 1 1 1 2 1 2 4
3409 3 2 1 3 2 4 7
3410 2 2 1 2 2 3 5
3411 3 2 1 2 2 4 6
3412 1 1 1 2 1 2 4
3413 2 2 2 2 2 4 6
3414 2 2 2 2 2 2 5
3415 1 1 1 1 1 2 4
3416 3 2 1 2 2 3 6
3417 1 2 1 2 2 2 5
3418 1 2 2 1 1 3 5
3419 3 1 2 1 1 2 5
3420 3 2 2 2 2 4 7
3421 2 1 1 2 2 3 5
3422 3 3 2 3 2 4 6
3423 1 2 2 2 1 2 5
3424 2 1 1 3 1 3 5
3425 0 1 2 1 1 1 3
3426 4 3 2 3 2 4 8
3427 1 1 2 2 1 2 4
3428 2 2 1 1 1 2 4
3429 1 1 1 2 2 3 4
3430 2 2 2 2 2 2 5
3431 3 2 1 2 2 4 6
3432 2 2 2 2 2 3 6
3433 1 1 1 2 1 2 4
3434 2 2 1 2 2 3 5
3435 3 3 2 2 1 3 6
3436 2 1 2 2 1 3 5
3437 1 1 0 0 0 1 2
3438 1 2 2 2 1 2 5
3439 0 1 1 2 1 1 3
3440 2 1 2 2 1 3 5
3441 1 1 1 2 1 2 3
3442 0 2 2 2 2 2 5
3443 1 1 1 2 1 2 4
3444 3 3 1 2 1 2 6
3445 3 3 1 2 2 4 7
3446 2 1 1 2 1 3 4
3447 2 2 1 1 1 2 4
3448 2 1 1 2 2 3 5
3449 3 2 2 3 2 4 7
3450 2 1 1 2 1 3 4
3451 2 3 2 2 2 3 6
3452 2 2 1 2 2 3 5
3453 0 1 1 1 0 1 2
3454 1 2 1 1 0 1 3
3455 3 2 1 3 2 4 6
3456 1 1 1 2 2 2 4
3457 2 1 1 2 1 3 4
3458 2 2 2 1 1 2 5
3459 1 1 1 1 1 2 3
