3460 3 3 1 2 2 3 6
3461 3 2 1 3 2 4 7
3462 2 3 3 2 2 3 7
3463 0 1 1 2 1 2 3
3464 0 1 1 1 0 1 2
3465 2 2 1 2 2 4 6
3466 0 0 1 3 1 3 4
3467 2 2 2 2 2 4 6
3468 3 2 2 3 2 3 6
3469 2 1 1 2 1 2 4
3470 1 1 2 2 1 2 4
3471 2 2 1 2 2 3 5
3472 2 2 1 3 2 3 6
3473 2 1 1 2 1 3 4
3474 0 0 1 3 1 2 3
3475 1 2 1 1 1 2 4
3476 1 1 1 2 1 2 4
3477 2 2 2 2 1 3 5
3478 4 4 2 3 2 3 8
3479 0 0 0 1 0 1 1
3480 2 2 2 3 2 3 6
3481 2 1 1 1 1 2 4
3482 1 1 1 1 1 2 4
3483 2 1 1 2 1 3 5
3484 3 1 1 2 1 3 5
3485 1 2 1 2 1 2 4
3486 0 1 1 1 0 1 2
3487 1 2 1 1 1 2 4
3488 3 4 3 3 2 4 8
3489 2 1 1 2 2 3 5
3490 3 3 2 3 2 4 8
3491 0 0 1 3 1 3 4
3492 1 1 1 2 1 2 4
3493 0 0 1 1 0 1 2
3494 2 1 1 1 1 2 4
3495 1 1 2 2 1 2 4
3496 0 0 0 0 0 0 0
3497 3 2 2 2 2 3 6
3498 1 1 1 1 2 2 3
3499 3 2 2 2 1 2 5
3500 3 2 1 2 2 4 6
3501 1 2 1 2 2 2 5
3502 1 3 3 2 3 3 6
3503 2 2 2 2 1 3 5
3504 2 1 1 2 1 3 4
3505 2 2 2 2 3 3 6
3506 1 3 2 1 1 2 5
3507 3 2 1 2 3 4 6
3508 2 1 1 2 1 2 4
3509 3 2 1 2 2 4 7
3510 1 1 1 2 1 2 4
3511 2 2 1 2 1 2 4
3512 3 2 1 3 2 3 5
3513 1 1 1 1 1 2 3
3514 1 1 1 1 1 1 3
3515 2 2 1 2 1 2 5
3516 1 2 2 2 1 2 4
3517 1 1 1 2 0 2 3
3518 3 3 1 2 2 4 8
3519 1 3 3 2 1 3 6
3520 0 1 1 1 1 1 2
3521 3 2 1 2 2 4 6
3522 2 2 2 2 1 2 5
3523 1 1 0 2 0 1 2
3524 2 3 2 3 3 4 7
3525 2 2 1 3 2 4 6
3526 2 2 2 1 1 2 5
3527 1 1 1 0 0 1 2
3528 3 2 1 3 2 4 7
3529 1 1 1 2 2 3 5
3530 3 3 3 3 2 4 8
3531 0 1 1 1 1 1 2
3532 2 1 1 2 1 2 4
3533 2 1 1 2 1 2 4
3534 2 2 1 2 1 2 4
3535 3 3 3 2 2 2 7
3536 3 3 2 2 2 4 7
3537 2 2 1 2 1 3 5
3538 3 2 1 2 2 2 5
3539 2 1 1 2 1 3 4
3540 1 2 1 2 2 3 5
3541 1 1 1 1 1 2 3
3542 2 2 1 2 2 3 5
3543 2 1 1 2 1 3 5
3544 1 1 2 1 1 1 3
3545 3 3 1 2 2 4 7
3546 2 1 1 2 2 3 5
3547 1 2 2 2 2 3 5
3548 1 2 1 2 2 3 5
3549 1 2 2 2 2 3 5
3550 1 2 2 2 1 2 4
3551 1 1 1 1 1 1 3
3552 3 2 1 3 2 4 7
3553 0 0 0 0 0 0 1
3554 0 0 1 3 1 3 4
3555 1 1 1 1 1 1 2
3556 2 2 3 2 2 3 6
3557 2 2 1 2 1 2 4
3558 0 0 1 3 1 2 3
3559 3 2 2 3 3 4 6
3560 1 3 2 1 2 2 5
3561 0 1 1 2 1 2 4
3562 1 2 2 2 2 2 5
3563 2 2 2 2 2 3 6
3564 1 2 2 1 1 2 4
3565 2 1 1 2 2 2 4
3566 1 2 1 2 1 1 3
3567 3 3 2 3 2 4 7
3568 3 3 2 2 2 4 7
3569 2 1 1 2 1 2 4
3570 2 1 1 2 1 2 4
3571 1 1 1 2 1 2 4
3572 1 3 2 1 1 2 5
3573 3 2 1 2 1 4 6
3574 1 1 1 1 0 1 2
3575 1 1 1 2 2 3 4
3576 1 1 1 1 1 2 3
3577 2 1 1 3 2 3 5
3578 4 4 2 3 2 4 8
3579 1 1 1 2 1 2 4
3580 1 1 2 2 1 2 4
3581 3 3 2 2 2 3 6
3582 2 1 2 1 1 2 4
3583 2 1 1 1 2 3 4
3584 3 2 1 2 2 3 5
3585 1 1 2 2 1 3 4
3586 2 2 1 2 1 3 5
3587 0 0 1 3 1 3 4
3588 1 1 1 1 0 1 3
3589 2 2 2 2 1 3 5
3590 1 2 2 1 1 1 3
3591 0 1 0 0 0 0 1
3592 1 1 1 2 1 2 3
3593 2 1 2 2 2 3 5
3594 2 3 2 2 2 4 7
3595 0 0 1 1 1 1 2
3596 1 1 1 1 1 2 3
3597 1 1 1 2 1 3 4
3598 1 1 2 2 1 2 4
3599 1 1 2 1 1 2 4
3600 2 2 1 2 1 3 5
3601 2 2 1 2 2 3 5
3602 2 1 1 2 1 3 4
3603 2 2 1 2 2 3 5
3604 0 1 2 2 1 2 4
3605 0 1 1 1 1 1 2
3606 2 2 1 3 2 4 6
3607 1 2 1 1 0 1 3
3608 1 2 1 1 1 2 4
3609 1 1 1 1 1 2 3
