3610 1 1 1 2 2 2 4
3611 3 3 2 1 1 2 5
3612 1 2 1 1 1 2 4
3613 2 2 1 2 2 3 6
3614 2 1 1 1 1 2 4
3615 1 1 2 2 2 3 5
3616 3 2 2 3 2 4 7
3617 3 4 3 2 2 4 9
3618 0 0 1 2 1 2 4
3619 2 3 2 1 2 2 6
3620 2 2 1 1 1 2 4
3621 1 1 2 2 2 3 5
3622 2 2 1 1 1 2 4
3623 1 2 1 1 1 3 5
3624 0 2 2 2 1 2 4
3625 0 1 2 1 1 2 4
3626 0 2 1 0 1 1 3
3627 2 1 1 2 1 3 5
3628 3 4 3 2 2 3 8
3629 1 0 1 1 1 2 3
3630 2 1 1 2 2 3 5
3631 3 1 1 1 1 3 6
3632 1 1 1 0 1 1 3
3633 1 1 1 1 1 2 3
3634 1 1 2 2 2 2 4
3635 3 3 2 1 2 2 6
3636 3 2 1 3 3 4 7
3637 4 4 1 1 1 3 7
3638 1 1 1 1 1 2 3
3639 2 1 1 2 1 3 5
3640 1 1 1 2 1 2 4
3641 1 1 1 2 2 2 4
3642 3 3 1 3 2 3 6
3643 0 1 0 0 0 1 1
3644 1 3 1 2 1 3 6
3645 0 0 1 1 1 1 2
3646 2 1 2 2 2 3 5
3647 3 3 1 1 1 2 5
3648 3 2 1 3 3 4 7
3649 2 1 1 2 1 3 5
3650 1 2 1 2 2 3 6
3651 3 3 2 2 1 3 7
3652 2 2 2 2 2 3 6
3653 2 1 1 2 2 3 5
3654 2 2 1 1 1 2 5
3655 2 2 1 2 2 3 5
3656 0 0 1 2 1 2 4
3657 1 2 1 0 1 1 3
3658 0 1 1 1 1 2 4
3659 3 3 3 2 2 4 8
3660 2 1 1 2 2 3 5
3661 2 2 1 2 1 3 5
3662 0 1 1 0 1 1 3
3663 1 2 2 2 1 3 5
3664 1 1 1 0 0 1 3
3665 2 1 1 1 2 3 5
3666 1 1 1 1 1 2 4
3667 2 2 1 2 2 3 6
3668 0 0 0 0 0 1 1
3669 0 0 1 1 1 2 3
3670 1 2 1 1 1 2 4
3671 1 1 1 1 1 2 3
3672 1 2 1 2 2 3 5
3673 2 2 1 1 1 3 5
3674 0 1 2 1 1 2 4
3675 1 1 2 1 1 2 4
3676 3 3 2 1 2 3 6
3677 0 1 1 0 0 1 2
3678 3 2 2 2 1 3 6
3679 1 1 1 1 1 2 3
3680 2 2 1 2 2 3 6
3681 3 1 1 3 2 4 7
3682 1 1 1 1 1 2 3
3683 2 3 2 2 2 3 6
3684 2 1 1 2 2 3 5
3685 2 2 1 1 1 3 5
3686 2 2 1 2 1 3 5
3687 3 3 1 2 2 4 7
3688 3 1 1 3 2 4 6
3689 1 0 1 1 1 2 3
3690 2 1 1 2 2 3 6
3691 2 2 1 2 1 3 6
3692 1 2 1 1 1 2 4
3693 0 0 1 2 1 2 4
3694 2 1 1 1 1 2 4
3695 2 2 1 2 2 3 5
3696 0 1 1 1 1 2 4
3697 1 2 1 0 1 1 3
3698 1 1 2 2 2 3 5
3699 1 1 1 1 1 2 4
3700 2 2 1 1 1 2 4
3701 2 2 1 1 1 3 5
3702 2 3 2 2 2 4 7
3703 2 2 1 2 1 3 5
3704 2 3 2 2 2 3 6
3705 0 1 2 1 1 2 4
3706 2 3 2 2 2 3 7
3707 1 2 2 2 1 2 4
3708 3 2 2 2 1 3 6
3709 1 1 1 1 2 1 3
3710 2 2 1 2 2 3 6
3711 2 1 2 2 1 3 5
3712 3 2 1 2 2 4 7
3713 2 3 2 2 2 4 7
3714 1 1 1 1 1 2 3
3715 3 3 1 3 2 4 7
3716 0 0 1 1 1 2 3
3717 3 4 2 3 3 4 9
3718 2 2 1 2 2 3 5
3719 2 1 2 2 1 3 5
3720 2 1 1 1 1 2 4
3721 2 2 1 2 2 3 5
3722 2 2 1 2 1 3 5
3723 0 0 1 2 1 1 3
3724 0 2 1 0 0 1 3
3725 3 2 2 3 2 4 7
3726 1 2 1 2 2 3 5
3727 2 1 1 2 1 3 5
3728 2 1 1 1 1 3 5
3729 1 2 1 2 1 2 4
3730 1 2 2 1 2 2 4
3731 0 2 2 0 0 0 1
3732 3 4 3 2 2 4 8
3733 1 1 1 1 1 2 3
3734 1 3 2 2 1 3 5
3735 1 1 1 1 1 2 4
3736 2 2 2 2 2 3 5
3738 1 1 1 2 1 2 4
3739 0 2 1 0 0 1 2
3740 2 1 1 1 2 2 4
3741 1 2 1 2 2 3 5
3742 2 1 2 2 2 3 5
3743 1 2 3 2 2 3 6
3744 3 1 1 3 2 4 7
3745 2 2 1 2 1 3 5
3746 1 3 2 1 1 3 6
3747 0 1 1 1 1 2 3
3748 1 2 2 1 1 2 4
3749 2 3 2 2 2 3 7
3750 2 1 1 2 1 3 5
3751 1 2 1 1 1 2 3
3752 1 2 1 2 2 3 5
3753 0 0 1 1 1 1 2
3754 2 1 2 2 2 3 5
3755 2 1 2 2 2 2 5
3756 1 1 1 1 1 2 4
3757 3 2 2 3 3 4 7
3758 2 2 1 2 2 3 5
3759 1 1 2 1 1 1 3
3760 2 2 1 1 1 2 5
