3761 0 0 1 2 1 2 4
3762 2 2 2 2 2 3 6
3763 2 2 2 2 2 3 6
3764 2 1 1 1 1 3 5
3765 1 1 1 2 1 2 4
3766 3 1 1 2 2 3 6
3767 1 1 1 1 1 2 3
3768 3 4 1 1 1 2 6
3769 1 1 1 1 1 2 3
3770 2 2 2 2 2 3 6
3771 0 0 1 2 1 2 4
3772 1 1 1 1 1 2 3
3773 2 1 1 2 1 2 4
3774 2 1 1 2 2 3 6
3775 1 1 2 2 1 3 4
3776 2 2 2 2 2 3 5
3777 1 2 1 0 0 1 2
3778 2 2 1 2 1 3 5
3779 0 0 1 1 1 1 3
3780 2 1 1 2 2 3 5
3781 0 2 1 0 1 1 3
3782 3 3 1 2 2 3 6
3783 2 3 2 2 2 3 6
3784 2 1 2 1 2 3 5
3785 2 2 1 2 1 2 5
3786 2 1 1 2 1 3 5
3787 2 1 1 1 1 2 4
3788 2 2 1 2 2 3 6
3789 1 2 1 2 2 2 4
3790 4 3 1 1 1 3 6
3791 2 1 1 2 2 3 5
3792 2 1 1 2 1 3 5
3793 1 0 1 1 1 2 3
3794 3 2 1 3 2 4 7
3795 2 2 1 2 2 3 5
3796 2 1 2 2 1 3 5
3797 1 2 1 1 1 2 4
3798 2 2 1 2 2 3 5
3799 2 2 1 2 1 2 4
3800 1 1 1 2 1 2 4
3801 2 2 1 2 2 3 6
3802 2 2 1 2 1 3 5
3803 2 1 1 2 1 3 5
3804 2 2 1 2 1 2 5
3805 2 1 1 1 1 3 5
3806 1 2 1 1 1 2 4
3807 1 2 3 2 2 3 6
3808 3 2 1 2 2 3 6
3809 0 0 1 2 1 2 4
3810 3 1 1 2 1 4 6
3811 1 2 1 2 2 3 5
3812 2 2 1 2 2 3 5
3813 3 2 1 2 2 3 6
3814 1 0 1 1 1 1 2
3815 1 2 1 2 2 3 5
3816 2 2 1 2 2 3 6
3817 3 1 1 3 1 4 6
3818 3 2 2 2 2 3 7
3819 2 2 1 2 1 3 5
3820 1 2 1 1 1 2 4
3821 2 1 1 1 1 2 4
3822 1 1 1 1 1 2 4
3823 0 2 2 1 1 2 5
3824 2 2 1 1 1 2 4
3825 2 2 2 2 1 3 5
3826 1 1 1 1 1 2 3
3827 2 2 1 3 1 3 5
3828 1 2 1 1 1 3 5
3829 2 2 1 1 1 2 4
3830 1 1 1 1 1 2 4
3831 2 2 2 2 3 2 6
3832 1 1 1 1 1 1 3
3833 0 0 1 2 1 2 4
3834 1 1 2 2 2 3 5
3835 2 1 2 2 2 2 5
3836 1 1 1 1 1 3 5
3837 1 1 1 1 1 2 3
3838 2 3 3 1 1 2 5
3839 1 1 1 1 1 2 3
3840 2 2 1 2 1 3 6
3841 2 3 2 2 2 3 6
3842 2 1 1 2 2 3 5
3843 2 3 2 2 2 4 7
3844 2 2 1 1 1 3 5
3845 2 3 1 2 3 4 7
3846 2 2 2 2 2 3 6
3847 2 1 2 2 1 3 5
3848 1 1 1 1 1 2 3
3849 1 2 1 2 2 3 5
3850 0 1 1 2 1 2 4
3851 1 1 1 1 1 2 3
3852 3 3 2 2 2 4 7
3853 2 1 2 2 2 3 5
3854 1 1 1 1 1 2 3
3855 1 1 1 1 1 2 3
3856 2 2 1 2 2 3 6
3857 3 3 2 2 2 3 7
3858 1 2 1 2 1 2 4
3859 2 2 2 1 1 0 3
3860 2 1 1 1 1 2 4
3861 1 1 1 1 1 2 3
3862 2 2 1 2 2 3 5
3863 2 1 1 1 1 2 4
3864 2 1 1 2 1 3 6
3865 2 2 1 2 2 3 5
3866 1 1 1 2 2 2 4
3867 2 1 1 3 2 3 5
3868 3 3 3 3 2 4 8
3869 2 1 1 2 2 3 6
3870 0 0 1 2 1 2 4
3871 1 0 1 1 1 2 3
3872 2 2 2 2 2 3 5
3873 2 2 3 2 2 3 6
3874 0 0 1 1 1 1 3
3875 2 2 1 0 0 1 2
3876 2 1 1 2 1 3 4
3877 2 1 2 2 2 3 5
3878 1 1 1 2 1 2 4
3879 3 1 1 2 2 4 6
3880 1 1 1 2 1 2 4
3881 4 4 1 2 1 3 8
3882 2 1 1 2 1 2 4
3883 2 3 2 2 2 3 7
3884 3 3 2 2 2 3 7
3885 2 1 1 2 2 3 5
3886 1 1 1 1 1 2 3
3887 2 2 1 2 2 3 5
3888 2 2 1 2 2 3 5
3889 2 2 1 1 1 2 4
3890 2 1 1 2 2 3 5
3891 1 1 1 1 1 2 3
3892 0 1 1 1 1 2 3
3893 2 1 1 1 1 2 4
3894 2 2 1 2 2 4 7
3895 3 2 2 2 1 2 6
3896 3 2 4 3 2 2 7
3897 3 1 1 3 2 4 7
3898 1 1 1 1 1 1 2
3899 3 4 3 2 2 3 8
3900 0 2 2 1 1 1 3
3901 1 1 1 1 1 2 4
3902 2 2 1 2 2 3 5
3903 1 1 1 1 1 2 3
3904 2 2 1 2 2 3 5
3905 2 1 1 2 3 3 6
3906 2 2 1 2 2 2 5
3907 3 2 2 3 3 4 8
3908 2 1 1 2 1 3 4
3909 2 3 2 2 2 4 7
3910 2 2 1 2 2 3 5
