3911 1 1 1 2 1 2 4
3912 3 3 3 3 2 3 7
3913 3 2 2 2 2 4 7
3914 2 1 1 2 1 3 6
3915 2 1 1 3 2 4 6
3916 2 2 1 1 1 3 5
3917 2 1 1 2 1 3 5
3918 2 2 1 3 1 3 6
3919 1 2 1 1 1 2 4
3920 2 2 3 2 2 3 6
3921 1 0 0 1 1 2 3
3922 0 1 2 2 1 2 4
3923 2 1 1 2 1 3 5
3924 1 1 1 1 1 2 4
3925 3 2 1 3 2 4 8
3926 1 1 1 1 1 2 3
3927 3 3 3 3 2 4 8
3928 1 2 2 2 1 3 6
3929 0 2 2 1 0 1 3
3930 1 1 1 1 0 1 3
3931 1 1 1 2 1 2 4
3932 3 3 1 2 2 3 7
3933 2 2 1 2 2 3 5
3934 2 2 1 2 1 3 6
3935 2 2 1 2 1 3 5
3936 1 1 1 1 1 2 4
3937 1 2 1 1 1 2 4
3938 1 1 1 1 1 2 4
3939 1 1 0 1 1 1 2
3940 2 2 1 2 1 3 5
3941 0 1 1 1 0 1 3
3942 1 1 1 2 1 2 4
3943 0 2 1 3 1 3 5
3944 2 2 2 2 1 3 6
3945 1 1 2 2 1 3 5
3946 2 2 1 2 2 3 6
3947 1 1 1 1 1 2 3
3948 0 1 1 0 0 0 1
3949 0 0 1 2 1 2 3
3950 2 2 2 3 2 3 6
3951 2 2 2 2 1 2 5
3952 1 1 2 2 1 3 5
3953 2 2 1 2 2 3 6
3954 1 1 1 2 1 3 5
3955 1 2 1 2 1 2 4
3956 0 1 1 1 1 1 3
3957 2 1 1 2 1 3 5
3958 0 2 1 3 1 3 5
3959 3 1 1 3 2 4 7
3960 2 1 1 2 1 3 6
3961 0 0 1 2 1 2 3
3962 3 3 1 2 1 3 7
3963 3 3 3 2 1 2 6
3964 0 1 1 2 1 2 4
3965 1 1 1 1 1 2 3
3966 4 4 3 3 2 3 8
3967 2 2 1 1 1 3 5
3968 2 1 1 2 2 3 5
3969 3 1 1 2 1 3 6
3970 2 2 1 2 2 3 6
3971 0 3 3 2 2 3 7
3972 1 2 1 1 1 3 5
3973 1 1 2 2 1 3 5
3974 4 4 3 3 1 4 9
3975 3 2 1 3 2 4 8
3976 3 3 2 3 2 4 7
3977 2 1 1 2 2 3 5
3978 1 2 1 1 1 1 3
3979 0 0 1 2 1 2 3
3980 2 2 2 2 1 3 6
3981 2 2 1 2 1 3 6
3982 0 0 1 2 1 2 3
3983 3 1 1 3 2 4 6
3984 2 3 2 2 2 4 7
3985 2 1 1 1 1 2 4
3986 2 1 1 1 1 2 4
3987 1 2 1 1 1 2 4
3988 1 1 1 2 1 3 5
3989 1 1 1 2 1 2 4
3990 2 3 2 2 1 3 7
3991 1 2 2 2 2 3 5
3992 1 1 2 2 1 2 5
3993 1 1 1 1 1 2 4
3994 0 1 1 2 0 1 3
3995 2 2 1 1 1 2 5
3996 1 2 1 2 2 3 5
3997 1 0 0 0 0 1 3
3998 2 1 1 1 1 3 5
3999 0 1 2 1 0 1 3
4000 2 2 1 2 1 3 5
4001 1 1 2 2 1 2 4
4002 2 1 1 1 1 2 5
4003 3 2 1 3 2 4 7
4004 3 2 1 2 2 4 7
4005 2 2 1 2 1 3 5
4006 2 2 1 3 2 3 5
4007 0 1 1 1 1 1 3
4008 2 2 2 2 1 3 6
4009 2 1 2 2 2 3 6
4010 1 1 1 2 1 3 5
4011 3 2 2 2 1 3 6
4012 3 3 3 3 2 4 8
4013 2 2 2 2 2 3 6
4014 1 1 2 2 2 3 5
4015 1 0 0 0 0 1 2
4016 1 2 2 1 1 3 5
4017 2 2 1 2 2 3 6
4018 1 0 0 1 0 0 1
4019 2 1 1 2 1 3 6
4020 0 0 1 2 1 2 3
4021 1 1 1 1 1 2 4
4022 0 0 1 2 1 2 3
4023 1 1 1 1 1 2 3
4024 1 3 2 1 1 2 6
4025 1 2 3 3 1 3 6
4026 1 1 1 1 1 2 4
4027 0 1 1 1 0 1 2
4028 0 0 1 2 1 2 3
4029 1 0 1 2 1 2 4
4030 1 1 1 1 1 2 3
4031 3 1 1 2 1 3 6
4032 3 1 1 3 1 4 7
4033 2 2 1 1 1 2 5
4034 1 1 1 2 1 2 4
4035 2 1 1 2 1 2 4
4036 3 2 1 2 2 4 7
4037 0 0 1 2 1 1 3
4038 3 1 1 3 1 3 6
4039 1 1 1 1 1 2 3
4040 2 2 1 1 1 2 4
4041 2 1 1 2 1 3 6
4042 1 2 1 1 1 2 4
4043 2 2 1 2 1 3 5
4044 3 2 2 3 1 3 7
4045 1 1 1 1 1 2 3
4046 2 1 1 2 1 3 5
4047 2 1 1 2 1 2 4
4048 1 1 2 1 1 2 4
4049 1 1 2 2 1 2 4
4050 1 0 1 2 1 2 4
4051 2 1 1 2 1 3 6
4052 3 3 2 3 2 4 7
4053 3 1 1 3 2 4 7
4054 3 2 1 3 2 4 8
4055 1 1 2 2 2 2 5
4056 1 2 1 1 1 2 4
4057 1 1 1 1 1 2 4
4058 1 2 1 2 1 2 4
4059 3 2 2 2 1 2 6
4060 1 2 1 2 1 2 4
