4061 1 1 1 1 1 2 3
4062 0 2 2 0 0 1 3
4063 3 3 2 2 2 3 7
4064 1 1 1 1 1 1 2
4065 3 2 1 3 3 4 7
4066 2 1 2 2 2 3 5
4067 2 1 1 2 2 3 5
4068 1 1 2 2 1 2 4
4069 1 2 2 2 1 2 4
4070 2 1 1 1 1 3 5
4071 2 3 1 1 1 2 5
4072 3 2 2 2 1 2 6
4073 1 2 2 2 1 2 5
4074 2 2 1 2 1 3 5
4075 0 2 1 0 0 1 2
4076 2 1 1 2 1 3 4
4077 1 1 2 2 2 3 5
4078 3 2 1 3 3 4 7
4079 1 2 2 2 1 2 5
4080 2 2 1 3 2 3 5
4081 2 1 1 2 1 3 5
4082 2 2 1 1 1 3 5
4083 3 3 2 3 2 4 7
4084 1 2 1 0 0 1 3
4085 1 2 1 1 1 2 4
4086 0 0 1 2 1 2 3
4087 2 1 1 2 2 3 4
4088 1 1 1 1 1 2 3
4089 2 1 2 2 2 3 5
4090 2 2 2 2 2 3 6
4091 0 1 0 0 0 1 2
4092 2 2 1 1 1 3 5
4093 1 2 2 1 0 1 3
4094 3 2 2 2 2 4 6
4095 2 1 2 2 2 3 5
4096 1 0 0 1 2 2 4
4097 1 0 0 1 1 1 3
4098 3 2 1 3 2 3 6
4099 3 3 1 2 2 4 7
4100 1 1 1 2 2 3 4
4101 1 2 2 2 2 3 5
4102 1 1 2 2 2 3 5
4103 2 1 1 2 2 3 6
4104 2 1 1 2 3 3 5
4105 2 2 1 2 3 3 5
4106 2 1 1 2 2 3 5
4107 0 0 1 3 1 2 3
4108 2 2 2 2 2 3 6
4109 3 3 2 2 2 4 7
4110 3 2 1 3 3 3 6
4111 1 1 2 2 1 2 3
4112 1 2 2 1 1 2 4
4113 3 2 2 1 2 3 6
4114 2 3 2 2 1 3 6
4115 1 1 2 2 2 3 4
4116 1 1 2 2 2 3 5
4117 1 1 2 1 1 2 4
4118 3 2 1 3 2 4 6
4119 2 1 1 2 2 3 5
4120 3 2 2 3 2 3 6
4121 2 2 2 3 2 3 6
4122 2 1 1 2 2 3 5
4123 2 2 2 2 1 3 5
4124 3 2 2 3 2 4 7
4125 0 1 1 1 1 1 2
4126 1 3 3 1 1 2 5
4127 0 0 1 1 1 1 2
4129 3 3 2 2 1 3 6
4130 1 1 1 1 1 2 3
4131 2 3 2 2 3 3 6
4132 1 2 1 1 1 2 4
4133 2 2 1 2 2 3 5
4134 0 2 1 0 0 1 2
4135 3 2 2 3 2 4 6
4136 2 1 1 1 1 2 4
4137 0 1 1 1 1 1 2
4138 3 3 2 3 3 4 7
4139 1 2 2 1 1 2 4
4140 0 0 1 1 1 1 2
4141 0 1 1 1 1 2 3
4142 1 1 1 1 1 2 4
4143 2 2 2 2 2 3 5
4144 2 1 1 2 2 2 4
4145 1 1 1 2 1 3 4
4146 1 1 1 2 1 2 4
4147 1 2 1 1 1 2 4
4148 3 3 2 2 2 4 7
4149 0 1 1 2 1 2 3
4150 1 2 1 1 1 1 3
4151 3 2 2 3 2 4 6
4152 0 0 1 2 1 2 3
4153 0 1 1 1 1 1 3
4154 2 1 1 2 2 3 6
4155 3 3 2 2 1 3 7
4156 1 1 2 2 2 2 4
4157 2 2 1 2 2 3 5
4158 3 2 1 3 3 4 7
4159 0 0 1 1 1 1 2
4160 2 2 1 2 1 3 5
4161 1 0 0 1 2 1 2
4162 2 2 1 3 3 3 5
4163 2 2 1 2 1 3 5
4164 1 1 1 1 1 2 4
4165 2 2 2 2 2 3 6
4166 2 2 1 2 2 3 6
4167 2 2 1 2 1 3 5
4168 2 1 1 1 1 3 4
4169 1 1 1 2 2 3 5
4170 1 1 1 2 1 2 4
4171 1 0 0 1 1 1 2
4172 2 2 2 2 2 2 5
4173 2 2 1 2 2 3 6
4174 3 2 1 3 2 4 6
4175 2 1 1 2 3 3 5
4176 1 3 3 1 1 2 5
4177 1 1 1 2 1 2 4
4178 3 3 2 2 2 3 6
4179 1 0 1 1 1 1 3
4180 2 2 1 1 1 2 4
4181 1 1 1 1 1 2 3
4182 1 1 1 2 2 2 4
4183 2 3 2 2 2 3 6
4184 2 2 2 2 1 3 5
4185 2 2 1 2 2 3 5
4186 1 2 1 2 1 3 4
4187 1 1 1 1 1 2 4
4188 1 2 1 2 1 2 5
4189 3 2 1 2 2 3 5
4190 1 2 2 2 2 3 5
4191 1 1 1 2 2 2 4
4192 1 1 1 1 1 2 3
4193 2 2 2 2 2 3 5
4194 2 4 3 2 2 4 8
4195 3 2 1 3 3 4 7
4196 1 0 0 1 1 1 2
4197 1 1 1 0 1 1 3
4198 0 1 1 2 1 2 3
4199 2 2 1 3 3 3 6
4200 2 3 1 1 1 3 6
4201 2 2 2 2 1 3 5
4202 2 2 1 2 1 3 5
4203 3 3 2 3 2 3 6
4204 2 2 2 2 2 3 6
4205 1 1 1 1 1 3 4
4206 1 2 1 1 1 1 3
4207 1 2 1 1 1 2 4
4208 2 1 1 2 2 3 5
4209 0 1 1 1 1 2 3
4210 1 1 2 1 1 1 3
4211 0 2 1 0 0 1 2
