4212 2 1 1 2 1 3 4
4213 2 3 1 2 1 3 6
4214 2 1 1 1 1 2 3
4215 2 2 1 2 1 3 4
4216 4 4 2 2 1 2 6
4217 1 1 1 2 1 2 3
4218 2 1 1 2 2 3 5
4219 1 1 1 1 1 2 3
4220 1 1 1 2 1 2 4
4221 0 2 3 2 1 3 6
4222 3 2 1 3 2 4 7
4223 1 1 1 2 1 2 3
4224 3 3 1 2 2 3 6
4225 2 1 1 3 3 3 5
4226 1 1 1 1 1 2 3
4227 1 1 1 2 1 2 4
4228 0 0 1 2 1 2 3
4229 2 1 2 2 2 3 5
4230 1 1 1 1 1 2 3
4231 2 2 2 2 2 3 5
4232 2 2 1 2 2 3 5
4233 1 1 1 2 2 3 5
4234 2 1 2 2 2 3 5
4235 2 1 1 2 1 2 3
4236 1 1 1 1 1 2 3
4237 1 0 1 1 2 2 4
4238 2 2 1 1 1 3 5
4239 2 1 1 2 1 3 4
4240 3 3 1 2 2 4 7
4241 2 2 2 2 1 2 5
4242 2 2 2 2 2 3 5
4243 3 3 2 3 2 4 7
4244 2 1 1 1 1 2 4
4245 2 2 1 3 2 3 5
4246 0 0 1 2 1 2 3
4247 3 3 2 3 2 4 7
4248 2 1 1 2 1 3 5
4249 2 1 1 2 2 3 5
4250 2 1 1 2 2 3 5
4251 2 2 1 1 1 2 4
4252 1 1 1 1 1 2 3
4253 3 2 2 3 2 4 7
4254 2 2 1 2 2 3 5
4255 1 0 1 1 1 2 3
4256 2 2 2 2 2 3 6
4257 0 0 1 2 1 2 3
4258 2 3 2 2 2 2 6
4259 1 2 1 1 1 3 4
4260 1 2 1 2 2 3 5
4261 3 2 1 3 3 4 7
4262 2 1 1 1 1 2 4
4263 2 2 1 3 3 3 6
4264 1 2 2 2 2 2 4
4265 2 2 2 2 2 3 5
4266 1 2 1 2 1 2 4
4267 2 1 1 2 2 3 4
4268 2 1 1 2 1 2 4
4270 1 2 2 1 1 2 4
4271 2 2 2 2 2 3 5
4272 3 2 1 3 3 4 7
4273 0 0 1 2 1 2 3
4274 4 4 2 2 1 2 7
4275 2 1 1 3 3 4 6
4276 3 3 2 3 2 3 7
4277 0 1 2 1 1 2 3
4278 2 2 1 2 1 3 5
4279 1 2 1 1 1 2 3
4280 0 1 1 0 0 1 1
4281 2 2 1 2 2 3 5
4282 2 2 2 2 2 3 6
4283 0 2 2 1 1 2 4
4284 2 2 1 2 2 3 5
4285 2 2 1 2 1 3 4
4286 0 2 1 1 1 2 3
4287 3 2 2 2 2 4 6
4288 2 1 1 1 1 2 4
4289 1 1 1 1 2 2 4
4290 2 2 2 2 2 3 5
4291 1 1 1 2 1 2 4
4292 0 1 1 2 2 2 4
4293 1 1 1 2 2 3 4
4294 2 2 2 2 2 2 5
4295 2 1 1 2 1 2 4
4296 1 2 1 0 0 1 2
4297 2 2 1 2 2 3 6
4298 0 1 1 2 1 2 3
4299 0 3 2 1 1 2 5
4300 3 2 1 3 3 4 7
4301 2 1 1 2 2 3 6
4302 2 2 2 2 1 3 5
4303 2 1 1 2 1 3 4
4304 0 0 1 2 1 2 3
4305 0 1 2 2 2 3 4
4306 1 1 2 2 1 2 4
4307 1 1 1 1 1 2 3
4308 0 3 3 1 1 2 5
4309 0 0 1 2 1 2 3
4310 3 2 2 3 3 4 7
4311 2 1 1 2 1 3 4
4312 1 2 2 2 1 2 4
4313 3 2 2 3 2 4 7
4314 2 1 1 2 2 3 6
4315 2 2 2 2 2 3 5
4316 0 1 0 0 0 1 2
4317 2 1 1 2 1 3 4
4318 3 2 1 2 2 4 6
4319 2 1 2 2 2 3 5
4320 1 2 2 2 1 2 4
4321 3 2 1 3 2 3 5
4322 2 1 1 2 1 3 4
4323 0 0 1 2 1 2 3
4324 1 1 1 1 1 2 3
4325 3 3 1 3 2 3 7
4326 4 4 3 4 2 4 8
4327 2 2 1 2 2 3 4
4328 2 2 2 2 3 3 6
4329 1 1 1 1 1 2 3
4330 2 1 1 2 1 3 4
4331 0 0 1 2 1 2 3
4332 3 3 1 2 2 4 7
4333 2 1 1 2 2 3 5
4334 2 1 1 2 1 2 5
4335 1 2 1 1 1 2 3
4336 0 1 2 1 1 2 4
4337 3 2 1 3 3 4 7
4338 2 1 1 2 2 3 5
4339 1 1 1 1 1 2 3
4340 2 1 1 2 2 3 5
4341 0 0 1 2 1 2 3
4342 2 2 1 2 1 3 4
4343 0 1 1 1 1 1 2
4344 1 2 2 2 1 2 4
4345 3 3 2 2 2 4 7
4346 2 1 1 2 1 3 5
4347 1 2 1 1 1 2 4
4348 2 2 1 2 2 3 5
4349 2 2 2 2 2 3 6
4350 3 2 1 3 2 4 6
4351 2 2 1 2 2 3 5
4352 2 1 1 2 1 3 5
4353 1 2 1 2 1 2 4
4354 2 2 2 2 2 3 6
4355 1 1 1 1 1 2 3
4356 4 3 3 3 2 4 8
4357 1 1 2 2 2 3 4
4358 1 1 1 2 1 2 3
4359 2 1 1 1 1 3 4
4360 2 2 1 2 2 3 5
4361 2 2 1 3 2 3 5
4362 1 1 1 2 1 2 4
