4363 0 0 1 2 1 2 3
4364 2 2 1 2 2 3 5
4365 2 2 1 2 1 3 4
4366 1 1 0 1 1 2 3
4367 3 3 1 2 2 3 6
4368 1 3 3 0 0 1 3
4369 1 2 3 2 2 3 6
4370 0 1 1 0 0 1 1
4371 1 0 0 1 1 1 3
4372 3 3 2 3 2 3 7
4373 2 1 1 2 1 3 4
4374 2 2 1 2 2 3 5
4375 2 2 1 2 1 3 5
4376 2 1 1 2 2 2 4
4377 0 1 2 1 1 2 3
4378 0 2 2 2 1 2 4
4379 2 2 1 1 1 2 4
4380 2 2 2 2 2 3 5
4381 2 1 2 2 2 3 5
4382 2 1 1 2 2 3 5
4383 3 3 2 3 2 4 7
4384 2 1 2 2 2 3 5
4385 1 2 1 2 1 2 4
4386 2 2 1 2 1 3 5
4387 2 1 2 2 2 3 5
4388 2 1 1 2 1 3 4
4389 1 1 1 1 1 2 3
4390 2 1 1 2 2 3 4
4391 2 2 2 2 2 3 5
4392 2 1 1 2 1 3 4
4393 1 1 1 1 1 1 2
4394 1 1 1 1 1 2 3
4395 0 1 2 2 1 2 4
4396 0 2 2 0 0 1 3
4397 4 4 1 3 2 4 8
4398 2 2 1 2 2 3 5
4399 2 2 2 2 2 3 5
4400 0 1 2 0 1 1 2
4401 3 3 2 3 2 4 7
4402 3 3 1 2 1 3 6
4403 2 2 2 2 2 3 6
4404 2 2 1 2 1 3 5
4405 1 2 1 2 2 3 5
4406 3 2 2 2 2 3 6
4407 1 2 1 1 1 3 4
4408 2 2 1 2 2 3 5
4409 3 3 2 3 3 4 7
4410 2 2 2 2 1 3 5
4411 2 1 1 2 2 3 6
4412 3 2 1 3 3 4 8
4413 1 1 1 1 1 2 3
4414 3 3 2 2 2 3 7
4415 2 1 1 2 2 3 6
4416 1 1 1 2 1 2 4
4417 0 1 1 2 1 2 3
4418 1 1 1 2 2 2 4
4419 0 2 2 1 0 1 3
4420 2 2 2 2 2 3 5
4421 2 2 1 1 1 2 4
4422 1 1 1 2 2 3 4
4423 2 2 2 3 2 3 5
4424 1 1 1 1 1 1 2
4425 2 1 2 2 2 3 5
4426 0 0 1 2 1 2 3
4427 3 2 1 2 2 4 6
4428 2 2 2 2 2 3 6
4429 1 1 1 1 1 1 2
4430 2 2 1 2 1 2 4
4431 1 0 0 1 1 2 3
4432 1 1 1 1 1 2 3
4433 2 1 2 2 2 3 5
4434 2 2 1 3 2 3 5
4435 2 1 1 1 1 2 4
4436 1 3 2 1 1 2 4
4437 0 0 1 2 1 1 2
4438 0 0 1 1 1 1 2
4439 2 2 1 2 2 3 5
4440 2 1 1 2 1 3 5
4441 1 1 2 2 2 3 4
4442 2 1 1 2 2 3 4
4443 2 2 1 2 2 3 6
4444 3 2 1 3 2 4 7
4445 2 2 2 3 1 3 5
4446 2 1 1 1 1 3 4
4447 1 1 1 1 1 1 2
4448 2 3 3 2 3 4 7
4449 2 1 1 1 1 3 4
4451 3 4 3 3 2 4 9
4452 0 1 1 1 1 1 2
4453 0 2 2 1 1 2 4
4454 2 1 1 2 2 2 4
4455 1 1 1 1 1 2 3
4456 2 2 1 3 2 3 6
4457 1 2 2 3 2 3 5
4458 2 3 2 2 2 3 6
4459 0 1 1 0 0 1 2
4460 2 2 1 2 1 2 4
4461 2 2 1 2 2 3 5
4462 3 2 1 3 3 4 7
4463 1 2 2 1 1 2 4
4464 1 2 2 1 1 2 4
4465 2 1 1 1 1 2 4
4466 2 1 1 1 1 2 4
4467 2 3 1 2 2 3 6
4468 1 1 1 1 1 1 2
4469 3 2 1 3 2 3 6
4470 3 3 1 3 2 4 6
4471 2 1 1 2 2 3 5
4472 0 3 2 0 0 1 3
4473 2 1 1 2 1 3 4
4474 0 1 1 0 0 1 2
4475 3 2 1 3 3 4 7
4476 1 2 1 2 1 2 4
4477 1 1 1 2 1 2 4
4478 2 1 1 2 1 3 4
4479 1 1 1 1 1 2 3
4480 1 2 1 2 1 2 4
4481 0 0 1 1 1 1 2
4482 0 2 1 1 1 1 3
4483 1 3 3 2 2 3 6
4484 1 2 1 2 1 2 4
4485 4 4 2 3 2 4 8
4486 3 4 3 3 3 4 9
4487 2 2 1 2 1 2 4
4488 1 2 2 2 1 2 4
4489 2 1 2 2 2 3 5
4490 4 4 2 3 2 4 8
4491 3 2 1 3 2 3 6
4492 1 1 1 2 1 2 4
4493 2 2 2 3 2 3 6
4494 3 2 2 2 2 4 7
4495 1 1 1 1 1 2 3
4496 2 2 1 2 2 3 5
4497 2 2 1 1 1 2 4
4498 2 2 2 2 1 2 5
4499 3 2 1 3 3 4 7
4500 2 2 1 2 1 2 4
4501 3 3 1 2 2 4 7
4502 3 2 2 3 3 4 7
4503 1 2 1 1 1 2 4
4504 2 1 1 1 1 3 4
4505 2 2 2 2 1 2 5
4506 0 0 1 3 1 2 3
4507 3 2 1 3 3 4 7
4508 2 1 2 2 1 3 4
4509 3 2 1 2 2 4 7
4510 2 1 1 2 1 2 4
4511 0 3 2 1 1 3 5
4512 2 1 2 2 2 3 5
4513 1 1 1 1 1 2 3
