4514 2 2 1 3 3 3 6
4515 2 2 2 2 2 3 6
4516 0 0 1 1 1 1 3
4517 2 1 2 2 2 3 5
4518 1 1 1 2 1 2 4
4519 0 0 1 3 1 2 3
4520 2 1 2 3 1 3 6
4521 4 4 4 3 3 4 9
4522 2 1 1 1 1 2 4
4523 3 2 2 2 2 3 6
4524 2 3 3 1 1 3 6
4525 1 1 1 2 2 3 5
4526 2 2 2 3 2 3 6
4527 1 1 1 1 1 2 4
4528 2 2 1 2 2 3 5
4529 2 2 1 2 2 3 6
4530 1 2 1 1 1 2 4
4531 3 1 1 2 2 4 6
4532 2 2 2 2 2 3 5
4533 1 0 0 1 0 1 3
4534 3 1 1 3 2 4 7
4535 1 1 1 2 2 3 5
4536 1 2 2 2 1 3 5
4537 3 1 1 1 0 2 5
4538 1 2 1 1 1 3 5
4539 3 3 1 2 2 3 7
4540 2 2 2 2 2 3 6
4541 2 1 1 2 2 3 5
4542 2 1 1 1 1 2 4
4543 2 1 1 2 1 3 5
4544 2 1 1 2 2 3 6
4545 1 1 1 2 1 2 4
4546 1 3 2 2 2 3 6
4547 2 1 2 2 1 2 4
4548 1 3 1 1 1 3 6
4549 1 2 1 2 2 3 5
4550 1 1 1 2 2 2 4
4551 3 2 2 2 2 3 6
4552 1 1 2 2 1 2 4
4553 0 1 2 1 1 2 5
4554 0 1 1 2 1 1 3
4555 2 1 1 2 2 3 5
4556 1 1 1 2 2 3 5
4557 1 1 2 2 2 2 4
4558 0 2 3 2 1 2 5
4559 0 2 2 2 1 2 5
4560 0 1 2 2 1 2 4
4561 2 1 2 2 2 3 5
4562 1 2 2 2 1 2 5
4563 0 2 1 0 0 1 3
4564 2 1 2 1 1 2 5
4565 1 1 2 2 2 2 5
4566 3 2 2 3 2 4 7
4567 1 2 2 1 1 2 5
4568 2 2 1 1 1 2 5
4569 1 3 3 2 2 3 7
4570 0 1 1 1 1 1 3
4571 2 1 2 2 2 3 5
4572 3 2 2 2 2 3 6
4573 1 1 1 2 1 3 5
4574 2 1 1 2 2 3 5
4575 2 2 2 2 2 3 6
4576 1 1 1 2 2 2 4
4577 1 1 1 1 1 2 4
4578 3 1 2 2 2 3 6
4579 2 1 1 2 2 3 5
4580 1 1 1 1 1 2 4
4581 2 2 1 1 1 2 4
4582 1 1 1 1 1 2 4
4583 1 1 1 1 1 2 3
4584 1 1 1 2 1 3 5
4585 1 0 1 2 1 2 4
4586 1 1 1 1 1 2 4
4587 3 2 1 3 2 4 6
4588 0 2 2 1 1 1 4
4589 2 1 1 2 2 3 5
4590 1 1 1 1 1 2 4
4591 2 1 2 2 1 3 5
4592 1 1 2 1 1 2 4
4593 0 0 1 0 0 1 2
4594 0 0 1 3 1 2 3
4595 2 1 1 2 2 3 5
4596 1 1 1 1 1 2 4
4597 3 3 2 2 2 4 7
4598 1 2 2 1 1 2 5
4599 2 2 2 2 1 2 5
4600 1 1 1 2 1 2 4
4601 1 1 1 1 1 2 4
4602 0 0 0 1 0 1 1
4603 3 4 3 2 2 3 8
4604 1 1 1 2 1 2 4
4605 0 1 1 2 2 2 4
4606 3 4 3 3 2 4 8
4607 1 1 1 3 2 3 5
4608 1 1 1 1 1 2 3
4609 1 0 1 1 1 2 4
4610 1 1 1 2 1 2 4
4611 1 1 1 1 1 2 4
4612 2 2 1 2 2 3 6
4613 2 2 1 1 1 3 5
4614 2 2 1 2 2 3 5
4615 2 3 2 2 2 3 7
4616 1 1 1 1 1 2 3
4617 1 1 1 1 1 2 4
4618 3 1 1 3 3 4 7
4619 1 1 2 2 2 3 5
4621 2 1 1 2 2 3 5
4622 4 3 3 3 3 4 9
4623 0 0 1 3 1 2 3
4624 2 1 2 2 1 3 5
4625 1 1 1 2 2 3 5
4626 2 1 2 2 2 3 5
4627 1 2 1 1 1 2 4
4628 0 1 2 1 1 2 4
4629 2 1 2 2 2 3 6
4630 4 4 3 2 1 4 9
4631 0 0 0 2 0 1 2
4632 1 2 1 2 1 2 4
4633 2 1 1 2 1 3 5
4634 0 0 1 1 0 1 3
4635 1 0 1 1 1 2 4
4636 3 2 1 2 2 3 6
4637 1 1 2 2 1 3 5
4638 2 2 2 3 2 3 6
4639 0 1 1 3 2 3 5
4640 1 1 1 2 1 2 4
4641 3 1 1 2 1 3 6
4642 0 1 2 1 1 1 3
4643 1 1 1 1 1 2 4
4644 1 2 1 2 2 3 5
4645 1 0 1 2 1 2 4
4646 2 1 1 2 2 3 6
4647 0 1 1 1 1 1 3
4648 1 2 1 1 1 2 4
4649 0 1 1 1 0 1 2
4650 2 1 1 2 1 3 5
4651 1 1 1 1 1 2 4
4652 1 1 1 1 1 2 3
4653 2 2 1 2 2 3 5
4654 1 1 1 2 1 2 3
4655 3 1 2 1 1 3 6
4656 2 1 1 1 1 2 4
4657 1 1 1 1 1 2 4
4658 0 0 1 1 1 1 3
4659 1 1 1 2 2 3 5
4660 3 1 1 2 2 4 6
4661 2 1 2 2 2 3 6
4662 0 2 2 2 1 2 5
4663 0 0 1 1 1 1 3
4664 1 1 1 1 1 2 4
