4665 1 2 2 1 1 2 5
4666 0 3 1 1 1 2 5
4667 2 1 1 2 1 3 4
4668 1 2 1 1 1 2 4
4669 1 1 1 2 1 2 4
4670 1 1 1 2 1 3 4
4671 2 1 1 1 1 2 4
4672 0 0 1 3 1 2 3
4673 2 1 1 2 1 2 4
4674 1 2 1 1 1 2 4
4675 0 2 3 2 1 2 5
4676 1 1 1 1 1 2 4
4677 3 1 1 3 2 4 7
4678 0 1 1 1 1 1 3
4679 2 2 2 2 2 3 6
4680 1 1 1 1 1 2 3
4681 0 1 1 2 1 2 4
4682 1 2 1 2 2 3 5
4683 1 1 1 1 0 1 2
4684 0 2 2 1 1 2 5
4685 3 2 1 3 2 3 6
4686 0 1 2 2 1 2 4
4687 0 1 1 1 1 1 3
4688 2 1 1 2 1 2 4
4689 1 1 1 1 1 2 4
4690 2 2 2 2 2 3 6
4691 1 1 1 1 2 3 5
4692 3 1 1 2 2 4 7
4693 2 3 2 2 2 3 7
4694 1 2 1 1 1 2 4
4695 3 1 1 3 2 4 7
4696 1 1 2 2 1 3 5
4697 2 1 2 2 2 3 5
4698 3 1 1 3 2 4 7
4699 2 1 1 2 1 3 6
4700 2 1 1 1 1 2 4
4701 1 2 2 2 1 2 5
4702 1 2 1 2 1 3 5
4703 2 2 1 2 1 3 6
4704 0 0 0 2 0 1 1
4705 3 3 1 1 1 2 6
4706 2 1 2 1 1 2 4
4707 2 2 2 1 1 2 5
4708 1 1 1 1 1 1 3
4709 1 1 1 2 1 2 4
4710 2 1 1 1 1 2 4
4711 2 2 2 2 2 3 7
4712 0 1 1 1 1 1 3
4713 1 1 1 1 1 2 4
4714 2 1 3 2 2 3 6
4715 2 2 2 2 2 4 7
4716 2 3 1 2 2 3 6
4717 1 1 1 2 1 2 3
4718 1 1 2 1 0 2 4
4719 1 1 1 1 1 2 4
4720 3 3 2 2 2 3 7
4721 2 2 2 2 2 3 6
4722 1 1 1 2 1 2 4
4723 1 0 1 2 1 1 2
4724 1 1 2 2 1 2 4
4725 1 1 1 2 1 2 4
4726 1 1 1 2 1 3 5
4727 0 1 1 1 0 1 2
4728 2 1 2 2 2 3 5
4729 2 2 1 2 2 3 5
4730 1 1 1 2 2 3 5
4731 1 1 1 2 2 2 4
4732 1 1 1 2 1 2 4
4733 1 1 1 2 1 2 4
4734 1 1 1 1 1 2 4
4735 1 0 1 1 0 1 3
4736 2 1 1 3 3 4 7
4737 1 1 1 1 1 2 3
4738 0 1 1 1 0 1 2
4739 3 3 2 3 2 4 7
4740 2 1 1 2 2 3 5
4741 2 1 1 2 2 3 5
4742 1 1 1 1 1 2 4
4743 1 0 1 1 1 2 3
4744 1 1 1 1 1 2 4
4745 1 2 2 2 2 3 6
4746 1 1 2 1 1 3 5
4747 1 1 1 1 1 2 4
4748 1 1 1 1 1 2 4
4749 1 1 1 2 1 2 4
4750 2 2 1 2 3 3 6
4751 4 4 3 2 1 3 8
4752 1 1 1 1 0 2 3
4753 2 2 2 2 2 3 6
4754 1 1 1 1 1 2 4
4755 2 2 2 2 2 3 6
4756 1 1 1 1 1 2 3
4757 2 2 2 1 1 2 5
4758 2 1 1 1 1 3 5
4759 1 1 2 2 1 3 5
4760 1 1 1 2 1 3 5
4761 1 0 1 2 1 2 4
4762 0 0 1 1 1 1 2
4764 1 1 1 1 1 2 4
4765 2 2 1 2 2 3 6
4766 2 1 1 1 1 2 4
4767 1 2 1 2 1 2 4
4768 4 3 1 2 2 4 8
4769 2 0 0 1 1 2 4
4770 2 1 2 2 1 3 5
4771 2 1 1 2 2 3 5
4772 1 1 1 0 0 1 2
4773 1 1 2 2 1 2 4
4774 0 2 3 2 1 2 5
4775 1 1 1 2 1 2 4
4776 1 2 1 1 1 2 4
4777 3 3 3 2 2 4 7
4778 2 1 1 2 1 3 5
4779 3 1 1 2 2 4 7
4780 1 2 1 2 1 2 5
4781 0 1 1 2 1 1 3
4782 1 2 1 1 1 2 4
4783 2 2 2 2 2 3 6
4784 0 2 1 0 0 1 2
4785 0 0 1 1 0 1 2
4786 1 3 2 2 2 3 6
4787 1 1 1 2 2 3 5
4788 1 1 2 3 2 3 5
4789 1 2 2 1 1 2 5
4790 3 3 1 2 1 3 6
4791 1 1 2 2 1 3 5
4792 1 0 1 2 0 1 2
4793 0 2 2 1 1 2 4
4794 1 1 1 1 1 2 4
4795 0 0 1 2 1 1 3
4796 2 2 2 2 2 3 6
4797 1 1 1 2 1 2 4
4798 2 1 2 2 1 2 4
4799 2 3 2 2 2 3 7
4800 1 1 1 2 1 2 4
4801 1 2 1 2 1 3 5
4802 1 1 1 2 1 2 4
4803 2 3 2 2 2 4 7
4804 2 1 1 2 1 3 5
4805 3 1 1 3 2 4 7
4806 1 1 1 1 1 2 3
4807 1 1 1 2 2 2 4
4808 1 1 2 2 2 3 5
4809 0 2 2 1 1 2 5
4810 0 0 1 3 1 2 3
4811 0 0 0 0 0 0 1
4812 1 1 1 1 1 2 3
4813 0 2 2 1 1 1 3
4814 1 1 1 2 1 3 5
4815 3 1 1 3 3 4 7
