4816 2 2 1 2 1 3 5
4817 1 1 1 2 1 2 4
4818 1 1 1 2 1 3 5
4819 2 2 2 2 2 3 5
4820 3 1 1 2 2 4 6
4821 1 2 1 1 1 2 4
4822 2 1 1 2 1 2 5
4823 1 0 1 1 0 1 2
4824 1 0 1 1 1 1 3
4825 0 1 1 0 0 1 2
4826 2 2 1 2 2 3 6
4827 1 1 2 2 2 3 5
4828 1 1 1 1 1 2 4
4829 2 1 1 3 3 4 7
4830 1 1 1 1 1 2 4
4831 2 1 1 2 1 3 5
4832 1 1 1 1 1 1 3
4833 2 2 2 2 2 3 6
4834 1 2 1 1 1 3 5
4835 0 1 1 2 1 2 4
4836 2 2 1 2 2 3 5
4837 2 0 1 1 1 2 5
4838 3 1 1 3 2 4 7
4839 1 1 1 1 1 2 4
4840 1 1 1 1 1 2 4
4841 3 2 2 2 2 4 7
4842 2 0 1 2 1 2 5
4843 2 3 2 2 2 3 7
4844 1 1 1 2 1 2 4
4845 1 1 1 1 1 2 4
4846 1 1 1 1 1 1 3
4847 3 1 1 3 3 4 7
4848 2 1 1 1 1 2 4
4849 2 1 1 3 3 4 6
4850 0 0 1 2 0 1 2
4851 4 4 2 3 2 4 8
4852 3 3 1 2 2 3 6
4853 1 0 1 1 1 2 3
4854 1 3 3 1 2 2 5
4855 2 1 2 2 2 3 5
4856 0 1 1 2 1 2 3
4857 2 2 1 2 1 2 5
4858 3 1 1 2 2 4 6
4859 0 1 0 2 1 1 2
4860 2 2 2 2 2 3 6
4861 1 1 1 2 1 2 4
4862 2 3 2 3 3 4 8
4863 1 1 1 2 1 3 5
4864 1 1 2 2 2 3 5
4865 1 1 1 1 1 2 4
4866 0 2 2 1 1 1 3
4867 0 1 1 3 2 3 5
4868 1 1 1 1 1 2 4
4869 2 1 1 2 2 4 6
4870 1 1 1 1 1 2 4
4871 1 1 2 2 1 2 4
4872 2 2 3 2 2 3 6
4873 3 1 1 3 2 4 7
4874 1 1 1 1 1 2 3
4875 3 3 2 2 2 3 6
4876 2 1 1 2 1 2 4
4877 2 2 1 2 2 3 6
4878 1 1 1 2 1 2 4
4879 3 3 2 2 2 4 7
4880 1 1 1 2 1 2 4
4881 2 1 1 3 2 3 6
4882 1 1 1 1 0 1 2
4883 4 4 4 2 2 4 9
4884 0 1 1 1 1 1 3
4885 2 0 1 2 1 3 5
4886 2 2 2 2 2 3 6
4887 1 2 1 2 2 3 5
4888 2 2 1 1 1 3 5
4889 4 4 2 3 2 4 9
4890 0 1 1 2 1 1 3
4891 2 2 2 2 2 3 6
4892 0 0 1 2 1 1 3
4893 2 1 2 2 2 3 5
4894 2 1 2 2 2 3 5
4895 0 1 1 1 1 1 2
4896 1 1 1 1 1 2 3
4897 2 1 1 2 2 3 5
4898 2 1 1 2 2 3 5
4899 1 1 1 1 1 1 3
4900 2 2 1 2 2 3 5
4901 2 1 2 1 1 2 4
4902 0 1 1 0 0 0 1
4903 1 1 1 1 1 1 3
4904 2 2 2 2 1 2 4
4905 3 2 2 2 2 3 6
4906 1 2 2 2 1 2 5
4907 1 2 1 2 2 3 5
4908 0 2 2 1 1 1 4
4909 3 3 1 2 2 4 7
4910 2 2 1 2 2 3 6
4911 1 2 2 1 1 2 5
4912 1 1 1 2 2 2 5
4913 0 2 2 1 1 2 4
4914 1 1 1 2 1 2 4
4915 3 1 1 3 2 4 7
4916 3 3 2 3 3 4 8
4917 2 2 2 2 1 2 5
4918 3 1 1 3 3 4 7
4919 2 1 1 2 2 3 6
4920 1 1 2 2 1 3 5
4921 1 1 2 1 1 2 4
4922 1 0 1 1 1 1 3
4923 1 1 2 2 1 2 4
4924 2 2 2 2 1 3 5
4925 2 1 1 2 2 2 4
4926 1 1 1 1 1 2 3
4927 1 1 1 2 2 3 5
4928 3 3 2 2 2 3 7
4929 0 1 1 1 1 1 3
4930 1 1 1 2 2 3 5
4931 0 0 1 1 1 1 2
4932 1 2 1 2 1 2 4
4933 2 1 2 2 1 3 5
4934 3 4 3 2 2 4 8
4935 2 2 2 2 1 3 6
4936 1 1 1 2 1 2 4
4937 0 1 1 1 1 1 3
4938 2 1 1 2 2 3 6
4939 1 1 1 1 1 2 3
4940 1 1 2 2 2 3 5
4941 2 2 2 2 2 3 6
4942 1 1 1 2 1 2 4
4943 2 1 2 2 1 3 5
4944 1 0 1 2 1 2 4
4945 1 1 1 2 1 2 4
4946 2 1 1 2 2 3 5
4947 2 2 1 2 2 3 6
4948 2 2 1 2 2 3 6
4949 3 2 2 2 2 4 7
4950 3 1 1 3 3 4 7
4951 2 2 1 2 1 3 6
4952 0 0 1 1 1 1 2
4953 2 2 1 2 1 3 5
4954 2 1 1 2 2 3 6
4955 2 2 2 2 2 3 6
4956 1 1 2 2 1 3 5
4957 2 2 2 2 1 3 6
4958 2 1 1 2 1 3 5
4959 2 2 1 2 2 3 6
4960 1 1 1 1 1 2 4
4961 2 2 1 2 1 2 4
4962 2 2 1 2 2 3 5
4963 0 1 2 1 1 2 4
4964 1 1 1 1 1 2 4
4965 2 2 2 2 3 3 6
