4966 0 2 2 2 1 2 4
4967 2 2 1 1 1 3 5
4968 2 2 1 2 2 3 6
4969 2 2 1 2 2 3 5
4970 0 0 1 2 2 2 4
4971 1 2 1 1 1 2 4
4972 1 3 2 2 2 3 6
4973 3 4 3 3 2 4 9
4974 1 1 1 1 1 2 3
4975 0 1 1 1 1 1 3
4976 1 1 1 1 1 3 5
4977 1 1 1 2 2 3 5
4978 2 1 1 2 1 3 5
4979 3 2 2 3 3 3 6
4980 2 2 2 1 1 2 4
4981 3 3 2 1 1 2 5
4982 2 1 1 1 1 2 4
4983 1 2 2 2 2 3 5
4984 1 2 1 1 1 2 4
4985 2 2 1 1 1 2 4
4986 2 2 1 2 2 3 5
4987 1 1 1 2 2 3 5
4988 3 2 1 4 3 4 8
4989 2 1 1 1 1 2 4
4990 2 2 2 2 2 3 6
4991 3 2 1 3 3 4 8
4992 1 2 1 2 2 3 5
4993 3 4 3 3 2 4 9
4994 3 1 1 3 2 4 7
4995 1 1 1 2 2 3 5
4996 3 4 4 2 2 4 8
4997 1 1 1 1 1 2 4
4998 4 3 2 1 1 2 5
4999 1 2 1 1 1 2 4
5000 2 1 1 3 2 4 6
5001 3 2 1 2 2 3 6
5002 1 1 1 1 2 2 4
5003 2 2 2 2 3 3 6
5004 1 1 1 2 2 2 4
5005 1 2 1 2 1 2 4
5006 0 0 1 2 1 2 3
5007 1 2 2 1 1 2 5
5008 2 3 2 3 2 4 7
5009 1 1 1 2 1 2 4
5010 0 1 1 2 1 2 4
5011 2 2 1 2 1 3 5
5012 2 2 1 2 1 3 5
5013 2 2 1 2 1 3 5
5014 1 1 1 2 2 2 4
5015 4 4 2 3 2 4 9
5016 2 1 2 3 2 4 7
5017 2 1 1 1 2 2 4
5018 1 2 1 2 1 2 4
5019 2 1 1 2 1 3 5
5020 3 2 1 3 2 4 7
5021 1 2 2 2 2 3 5
5022 1 1 1 1 1 2 4
5023 2 2 1 2 1 3 6
5024 3 4 3 2 2 4 9
5025 2 1 1 2 2 3 5
5026 2 2 1 1 1 3 5
5027 1 1 1 1 2 2 4
5028 2 2 1 2 1 3 5
5029 2 2 1 2 1 3 5
5030 2 1 2 3 3 4 7
5031 2 1 2 2 2 3 6
5032 1 1 1 1 1 2 4
5033 0 1 1 1 1 1 3
5034 0 1 0 0 1 1 2
5035 3 3 2 3 2 4 8
5036 2 2 1 2 2 3 6
5037 1 2 1 1 1 3 5
5038 1 1 2 2 2 3 5
5039 1 1 1 1 1 3 4
5040 3 2 2 2 2 4 7
5041 1 3 1 2 2 3 6
5042 3 4 3 2 2 4 8
5043 2 1 1 2 2 3 5
5044 2 1 1 2 2 3 6
5045 1 2 1 2 1 3 5
5046 2 1 2 2 2 3 5
5047 2 2 1 2 2 3 5
5048 1 2 1 2 2 3 5
5049 3 2 1 4 3 4 8
5050 3 3 1 3 2 3 7
5051 0 0 1 3 3 3 5
5052 2 1 1 1 1 3 5
5053 2 1 2 2 2 3 5
5054 3 2 3 3 3 3 7
5055 1 0 1 1 1 2 3
5056 3 2 2 2 2 3 6
5057 1 1 2 2 2 3 5
5058 1 2 2 2 2 3 6
5059 2 1 1 1 1 2 4
5060 3 3 2 3 2 4 7
5061 1 1 2 2 1 3 4
5062 1 1 1 1 1 2 4
5063 2 1 1 2 1 2 4
5064 2 2 1 3 2 3 6
5065 2 2 1 2 1 3 5
5066 2 2 1 2 2 3 5
5067 0 2 2 2 2 3 5
5068 0 0 0 0 1 1 2
5069 2 2 2 2 2 3 6
5070 2 2 2 3 3 4 7
5071 0 1 1 1 1 2 4
5072 3 2 1 2 2 3 6
5073 1 1 1 1 1 2 4
5074 2 2 1 2 1 3 5
5075 1 1 1 2 1 3 4
5076 1 1 1 1 1 2 3
5077 2 2 1 1 1 2 4
5078 0 2 1 1 1 1 3
5079 1 1 1 2 1 2 3
5080 2 1 2 2 2 2 5
5081 2 1 1 2 2 3 5
5082 1 1 1 1 1 2 4
5083 0 0 1 2 1 2 3
5084 2 1 1 2 2 3 5
5085 1 1 1 1 1 3 4
5086 1 1 1 1 2 2 4
5087 2 1 1 2 2 2 4
5088 1 3 2 2 1 3 6
5089 2 1 2 2 1 2 4
5090 1 1 1 2 1 3 4
5091 1 3 2 2 1 3 6
5092 1 1 1 2 1 2 3
5093 1 1 1 1 1 2 3
5094 1 1 1 1 1 2 4
5095 2 1 1 2 1 3 4
5096 0 0 1 2 1 2 3
5097 0 1 1 2 2 2 4
5098 2 1 2 2 2 3 6
5099 1 1 1 1 1 1 3
5100 0 1 1 1 1 2 4
5101 2 1 1 2 2 3 6
5102 0 1 1 1 1 1 3
5103 1 1 1 1 1 2 3
5104 0 0 1 2 1 2 3
5105 1 1 1 1 1 2 3
5106 2 2 1 2 1 3 5
5107 2 2 2 2 2 3 6
5108 2 2 1 2 1 3 5
5109 1 1 1 2 2 3 5
5110 0 2 1 1 1 2 4
5111 4 3 2 2 1 3 7
5112 2 2 0 1 1 2 4
5113 0 2 1 2 2 2 4
5114 1 1 1 1 1 2 4
5115 0 1 2 3 2 3 5
