5116 1 2 1 1 2 3 5
5117 2 1 1 3 3 4 7
5118 2 2 1 2 1 3 5
5119 2 2 1 2 1 3 5
5120 2 2 1 2 2 3 6
5121 2 1 1 1 2 2 4
5122 2 1 1 2 2 3 6
5123 2 2 1 2 2 3 6
5124 2 2 1 2 3 3 6
5125 1 2 1 2 1 3 5
5126 2 2 1 2 2 4 6
5127 2 1 2 2 2 3 6
5128 1 1 1 2 1 2 4
5129 1 2 2 2 2 3 5
5130 1 2 1 2 1 3 5
5131 2 1 1 2 2 3 6
5132 3 2 1 2 2 3 6
5133 1 1 2 2 1 3 4
5134 2 1 1 2 1 3 5
5135 0 1 1 0 1 1 2
5136 3 2 2 2 2 3 6
5137 1 1 2 2 2 3 5
5138 1 2 2 2 2 3 5
5139 2 2 1 2 2 3 5
5140 4 3 2 1 1 3 6
5141 1 1 1 2 1 2 4
5142 3 3 1 3 2 4 7
5143 2 1 1 2 2 3 5
5144 2 3 2 2 2 4 7
5145 1 1 1 1 1 2 4
5146 4 4 1 1 1 2 5
5147 1 2 2 1 1 3 5
5148 3 2 2 3 3 4 7
5149 2 2 3 2 2 3 6
5150 0 1 1 2 2 2 4
5151 1 2 1 1 1 2 4
5152 2 3 3 2 2 3 7
5153 2 1 1 2 1 3 5
5154 0 0 1 1 1 1 3
5155 1 3 2 2 2 3 6
5156 2 1 2 2 1 3 5
5157 0 1 1 1 1 1 3
5158 2 1 1 2 2 3 6
5159 1 1 1 1 1 2 3
5160 2 2 1 2 2 3 5
5161 3 2 1 3 2 4 7
5162 2 3 3 1 1 2 5
5163 0 0 1 2 1 3 4
5164 4 4 1 3 2 4 9
5165 0 1 1 1 1 2 3
5166 3 3 2 2 2 3 7
5167 0 1 1 1 1 1 3
5168 2 2 1 2 2 3 5
5169 1 1 1 1 1 2 3
5170 1 1 2 2 1 3 5
5171 2 1 1 2 2 3 5
5172 3 3 2 2 2 3 6
5173 1 2 1 2 2 3 5
5174 2 3 2 3 3 4 7
5175 1 2 1 2 2 3 5
5176 0 1 1 1 1 2 3
5177 1 1 1 2 1 2 4
5178 2 2 1 1 1 3 5
5179 2 2 1 2 1 3 6
5180 0 2 1 1 1 2 4
5181 1 1 1 1 1 2 3
5182 2 3 1 2 2 3 6
5183 2 3 2 2 2 4 7
5184 2 1 1 2 2 3 5
5185 2 1 1 2 2 3 5
5186 2 1 1 2 1 3 4
5187 2 1 1 2 1 2 4
5188 2 1 1 2 3 3 5
5189 1 1 2 2 1 3 5
5190 1 2 1 1 1 2 4
5191 1 2 1 2 1 3 4
5192 1 1 1 1 1 2 4
5193 1 1 1 1 1 2 3
5194 0 1 1 1 1 1 3
5195 2 1 1 3 2 4 6
5196 0 1 1 2 2 3 4
5197 3 2 1 3 3 4 7
5198 2 1 1 2 2 3 5
5199 3 2 1 4 3 4 8
5200 4 4 4 3 2 2 8
5201 2 2 1 2 2 3 5
5202 2 2 1 2 1 3 5
5203 1 1 1 2 1 2 4
5204 0 1 1 0 1 1 2
5205 1 2 2 2 2 3 6
5206 3 2 2 2 2 4 7
5207 0 0 0 1 1 1 2
5208 3 2 1 4 3 4 7
5209 2 2 1 2 1 3 5
5210 1 1 1 1 1 2 3
5211 3 2 2 3 3 4 7
5212 1 1 1 2 1 2 4
5213 1 1 1 1 1 2 4
5214 3 1 2 3 3 4 7
5215 3 1 1 3 2 4 7
5216 0 1 1 1 1 1 3
5217 1 3 2 2 2 4 7
5218 2 3 1 1 1 3 5
5219 0 0 1 2 1 2 3
5220 1 2 1 0 1 1 3
5221 3 3 1 3 2 4 8
5222 1 1 1 2 1 2 4
5223 2 2 1 2 1 3 5
5224 3 4 3 2 1 3 8
5225 0 0 1 1 1 1 3
5226 0 1 1 2 1 2 3
5227 1 2 2 2 2 3 6
5228 0 1 1 2 2 2 4
5229 1 1 2 2 1 2 4
5230 0 2 1 1 1 2 4
5231 1 1 1 1 1 2 4
5232 1 1 1 1 1 2 3
5233 2 2 1 2 2 3 5
5234 0 0 1 0 0 1 2
5235 3 3 2 3 3 4 8
5236 1 0 1 1 1 1 3
5237 0 2 2 2 2 3 5
5238 1 1 1 1 1 2 3
5239 1 1 1 1 1 2 4
5240 0 1 1 0 0 1 2
5241 0 0 1 1 1 1 3
5242 3 2 2 1 1 2 5
5243 3 2 2 2 2 3 6
5244 4 4 3 3 2 4 9
5245 0 1 0 0 0 1 2
5246 2 1 1 2 2 3 5
5247 2 1 1 1 1 3 5
5248 3 4 3 3 3 4 9
5249 2 1 2 2 2 3 6
5250 1 1 1 1 1 2 4
5251 2 1 1 2 2 4 6
5252 2 1 1 1 1 2 4
5253 1 1 1 1 1 2 3
5254 1 2 2 2 1 3 5
5255 0 0 0 0 0 0 1
5256 1 1 1 1 1 2 3
5257 1 1 1 2 1 2 4
5258 2 2 1 2 2 3 6
5259 2 2 1 2 2 3 6
5260 3 2 1 4 3 4 8
5261 1 1 2 2 2 3 5
5262 1 2 1 2 1 3 5
5263 3 2 2 2 2 3 6
5264 0 2 1 1 1 2 4
5265 2 2 2 2 2 4 6
