5266 2 1 2 2 1 3 5
5267 2 2 2 2 1 3 5
5268 2 2 1 2 2 3 6
5269 1 2 1 1 1 2 5
5270 1 1 1 2 1 1 3
5271 2 1 1 3 2 3 6
5272 1 1 2 1 1 2 4
5273 2 1 2 2 1 2 5
5274 3 2 2 3 2 4 8
5275 1 1 1 2 2 2 4
5276 2 1 1 2 2 3 5
5277 2 1 1 2 2 3 6
5278 1 2 2 2 1 3 5
5279 1 1 1 2 1 2 4
5280 2 2 1 2 1 3 5
5281 2 3 2 2 1 3 6
5282 1 1 1 1 1 2 4
5283 1 2 2 1 1 2 5
5284 2 1 1 2 2 3 6
5285 1 0 1 1 1 1 3
5286 1 1 1 1 1 2 4
5287 1 1 1 1 1 1 3
5288 1 2 1 1 1 2 4
5289 0 1 1 2 1 2 4
5290 1 1 1 1 1 2 4
5291 0 0 1 1 1 1 3
5292 3 2 1 3 3 3 6
5293 2 2 1 1 1 2 4
5294 1 1 1 1 0 2 4
5295 1 1 1 1 1 1 3
5296 2 2 2 2 2 3 6
5297 1 2 1 1 1 2 4
5298 0 1 1 1 1 1 2
5299 3 2 2 2 3 4 7
5300 1 2 1 1 1 2 4
5301 0 2 3 2 1 3 6
5302 1 1 1 1 1 2 4
5303 1 2 1 2 1 2 4
5304 1 1 1 1 1 2 4
5305 3 2 2 3 2 4 8
5306 2 2 1 1 1 2 4
5307 3 1 1 2 2 4 6
5308 1 1 1 1 1 1 3
5309 1 1 1 2 1 3 5
5310 3 1 1 3 2 4 7
5311 1 0 0 1 1 1 2
5312 2 2 1 2 2 3 5
5313 1 1 2 2 1 3 5
5314 2 2 1 2 2 3 5
5315 3 3 2 3 2 4 8
5316 3 3 2 2 2 3 7
5317 2 2 2 1 1 3 6
5318 2 3 2 2 2 3 6
5319 2 2 1 2 2 3 6
5320 3 2 1 3 2 3 6
5321 1 2 1 1 1 3 5
5322 2 1 2 2 1 3 6
5323 2 2 1 2 1 3 5
5324 1 1 1 1 1 2 3
5325 2 2 1 2 1 2 5
5326 1 2 1 1 1 2 4
5327 3 2 1 2 1 3 6
5328 2 2 2 2 2 3 6
5329 2 2 2 2 1 3 5
5330 0 0 1 2 1 2 3
5331 1 0 1 1 1 1 3
5332 0 1 2 2 1 2 5
5333 3 2 2 2 1 2 6
5334 0 0 1 2 1 2 3
5335 0 3 3 1 1 3 6
5336 0 1 1 2 1 2 4
5337 1 1 1 1 1 2 4
5338 2 2 2 2 1 3 5
5339 1 1 1 1 1 2 3
5340 1 1 1 1 1 2 4
5341 1 0 1 2 1 2 4
5342 3 2 1 3 2 4 8
5343 1 2 1 1 1 2 5
5344 2 1 1 2 1 2 4
5345 3 3 1 3 2 4 6
5346 1 0 1 2 2 2 4
5347 1 2 2 2 1 2 5
5348 1 2 1 2 1 2 4
5349 2 2 1 2 1 3 5
5350 0 0 1 1 0 1 2
5352 1 2 2 1 1 2 5
5353 1 3 3 1 1 3 6
5354 1 3 2 1 1 3 6
5355 1 1 1 1 1 2 4
5356 1 1 1 1 1 2 4
5357 3 2 2 3 1 3 7
5359 0 2 1 3 1 3 5
5360 1 1 1 2 1 3 5
5361 1 1 1 1 0 1 2
5362 2 2 1 2 1 3 6
5363 4 4 3 2 1 4 9
5364 0 1 2 2 1 2 5
5365 0 1 1 1 1 1 2
5366 1 1 1 1 1 2 3
5367 0 2 1 2 1 2 4
5368 0 1 2 2 1 2 4
5369 1 1 1 1 0 1 2
5370 3 2 1 2 2 4 7
5371 1 1 1 1 1 2 3
5372 2 2 1 2 1 3 5
5373 1 1 1 1 1 2 4
5374 1 1 1 2 2 2 4
5375 1 2 2 2 1 2 5
5376 0 0 1 1 0 1 3
5377 1 1 1 2 1 2 4
5378 1 2 1 1 1 2 4
5379 0 0 1 2 1 2 3
5380 2 2 2 2 1 3 6
5381 1 1 1 2 1 2 4
5382 2 3 3 2 2 3 7
5383 2 2 1 2 1 3 5
5384 2 2 1 1 1 3 5
5385 2 1 2 2 2 3 6
5386 4 4 1 3 1 4 8
5387 3 3 2 3 2 4 7
5388 2 3 2 2 1 3 6
5389 2 2 1 2 1 3 5
5390 2 2 2 2 1 3 6
5391 1 1 1 2 1 2 4
5392 2 2 1 2 1 2 5
5393 2 2 1 2 1 3 5
5394 0 3 2 0 0 1 3
5395 1 1 1 1 0 1 3
5396 1 3 2 2 1 3 6
5397 1 2 1 1 1 1 3
5398 0 0 1 2 1 2 3
5399 0 1 1 1 0 1 2
5400 0 0 1 2 1 2 3
5401 2 2 2 2 1 3 5
5402 2 1 1 2 1 2 5
5403 2 3 2 2 1 3 6
5404 0 0 1 2 1 1 3
5405 1 2 1 2 1 2 4
5406 3 2 2 2 1 2 6
5407 2 2 2 2 1 3 5
5408 0 2 2 2 1 2 5
5409 1 1 1 1 1 2 3
5410 2 2 1 2 1 3 5
5411 2 2 1 2 1 3 5
5412 2 1 1 2 2 3 6
5413 0 0 1 2 1 2 3
5414 0 1 3 2 1 2 4
5415 2 1 1 2 1 3 6
5416 2 1 2 2 2 3 6
5417 3 2 2 2 2 3 6
