5418 2 2 2 2 2 3 6
5419 0 3 3 1 1 3 6
5420 3 3 2 2 3 4 8
5421 2 2 1 2 2 3 5
5422 1 1 1 3 2 3 4
5423 2 2 1 3 2 3 5
5424 1 1 1 1 1 2 3
5425 1 1 1 1 1 2 4
5426 3 4 3 3 3 4 9
5427 1 1 1 1 1 1 3
5428 4 4 3 3 2 4 9
5429 1 1 1 1 1 2 3
5430 1 1 1 1 1 2 4
5431 2 2 1 2 2 3 5
5432 2 1 2 2 2 3 5
5433 1 1 1 2 2 3 4
5434 1 1 1 1 1 2 3
5435 2 2 1 2 1 2 4
5436 2 2 1 2 2 3 5
5437 2 2 2 1 1 2 5
5438 1 0 1 1 1 1 2
5439 1 3 3 1 2 3 7
5440 2 2 1 2 2 3 6
5441 1 1 1 1 1 2 3
5442 1 1 1 1 1 2 3
5443 2 2 1 1 1 2 4
5444 1 2 1 1 1 2 4
5445 2 2 2 2 2 3 6
5446 1 1 1 2 2 2 3
5447 1 1 1 0 0 2 3
5448 1 2 2 1 1 2 5
5449 3 3 1 2 2 4 6
5450 1 2 2 2 1 2 4
5451 1 1 1 1 1 1 3
5452 1 3 3 2 2 3 6
5453 1 1 1 2 2 2 4
5454 2 2 2 2 2 3 6
5455 2 1 1 1 1 2 4
5456 1 1 1 2 1 2 4
5457 2 3 2 2 2 3 6
5458 2 2 1 2 1 3 5
5459 1 1 2 2 2 2 4
5460 3 3 2 1 1 2 5
5461 2 2 1 1 1 2 4
5462 2 2 1 2 2 3 5
5463 2 2 1 2 2 3 5
5464 0 3 3 1 1 3 6
5465 1 1 1 2 2 2 4
5466 2 2 1 1 2 3 5
5467 1 1 2 1 1 2 4
5468 1 1 1 1 1 2 4
5469 0 0 1 3 1 2 3
5470 1 1 1 1 1 2 3
5471 4 4 3 3 2 4 8
5472 1 1 1 2 1 2 4
5473 2 2 1 1 1 2 5
5474 1 2 2 1 1 1 3
5475 3 3 1 2 2 4 7
5476 2 2 1 2 2 2 5
5477 3 2 2 3 3 3 6
5478 2 2 2 2 2 3 6
5479 3 2 2 3 3 4 8
5480 1 1 1 1 1 2 3
5481 1 3 1 0 0 1 3
5482 2 2 1 2 2 3 5
5483 2 2 1 2 2 3 5
5484 1 1 2 1 1 1 3
5485 2 2 1 2 2 3 6
5486 2 2 1 2 2 3 6
5487 3 3 1 3 2 4 8
5488 3 2 1 2 2 4 6
5489 3 2 2 2 2 2 6
5490 2 1 1 1 1 2 4
5491 4 4 2 3 2 4 8
5492 1 2 1 1 1 2 4
5493 3 2 2 2 2 3 6
5494 2 2 2 2 2 3 6
5495 2 2 1 2 1 3 5
5496 0 2 1 3 2 3 6
5497 1 1 1 1 1 2 4
5498 0 1 1 1 1 1 3
5499 3 3 4 3 3 4 8
5500 1 1 1 2 1 2 4
5501 1 1 1 1 1 1 3
5502 2 3 2 1 1 1 4
5503 2 3 3 3 2 3 7
5504 1 1 1 1 1 2 4
5505 2 2 2 2 2 3 6
5506 3 2 1 3 3 4 7
5507 1 1 1 1 1 2 3
5508 1 2 1 2 1 1 4
5509 3 3 2 3 2 4 7
5510 1 1 1 1 1 2 4
5511 3 3 1 3 3 4 8
5512 2 3 2 2 2 3 6
5513 3 2 1 2 2 4 6
5514 1 1 1 1 1 2 3
5515 1 2 1 1 1 2 4
5516 1 2 1 2 1 2 4
5517 3 2 2 2 2 3 6
5518 2 2 1 1 1 2 4
5519 1 1 1 2 1 2 4
5520 3 3 2 3 2 4 7
5521 3 3 1 2 2 4 7
5522 1 1 1 1 1 2 3
5523 1 2 2 2 1 3 5
5524 2 2 1 2 2 3 5
5525 2 2 1 3 3 3 6
5526 2 2 1 2 2 3 5
5527 3 3 1 3 2 4 8
5528 2 2 2 2 2 3 5
5529 1 1 1 2 2 2 4
5530 2 3 2 2 2 3 6
5531 1 1 1 1 1 2 3
5532 2 2 1 2 2 3 5
5533 1 1 1 1 1 2 3
5534 2 1 2 2 2 3 5
5535 2 2 1 1 1 2 4
5536 2 2 1 2 2 3 5
5537 1 2 2 2 2 3 6
5538 1 1 1 1 1 1 3
5539 2 2 2 2 1 3 5
5540 1 1 1 1 1 2 4
5541 1 1 1 1 1 2 3
5542 1 1 1 1 2 2 4
5543 0 1 2 2 1 3 4
5544 2 2 1 2 2 3 5
5545 2 2 2 2 3 3 5
5546 1 1 1 1 1 2 3
5547 1 1 2 1 1 2 4
5548 2 2 2 2 2 3 6
5549 3 2 2 2 2 3 6
5550 1 1 1 1 1 1 3
5551 2 2 2 1 2 3 6
5552 1 1 2 2 1 2 4
5553 1 2 1 1 1 2 4
5554 4 3 2 3 2 4 8
5555 1 2 1 1 1 2 4
5556 1 1 2 2 2 2 4
5557 1 1 1 1 1 1 3
5558 1 1 1 2 2 2 4
5559 2 2 2 2 2 3 6
5560 1 1 1 2 1 2 4
5561 2 3 2 2 2 3 6
5562 0 1 1 3 2 3 4
5563 2 2 2 2 2 3 5
5564 1 2 2 1 1 2 4
5565 2 2 1 2 2 3 5
5566 1 1 1 2 2 3 5
5567 2 2 2 2 1 3 6
