5568 2 2 2 2 2 3 6
5569 1 1 1 1 1 2 4
5570 1 1 1 2 1 2 4
5571 2 1 2 2 2 3 5
5572 0 2 1 3 2 3 5
5573 0 1 1 3 1 2 4
5574 2 2 2 2 2 3 6
5575 1 1 1 2 1 2 4
5576 2 2 2 2 2 3 5
5577 2 2 1 2 2 3 5
5578 3 3 2 3 2 4 8
5579 1 1 1 1 1 2 3
5580 1 1 2 2 3 3 5
5581 4 4 4 3 2 4 9
5582 3 3 1 3 2 4 7
5583 1 1 1 2 1 2 4
5584 0 1 1 2 1 2 3
5585 1 2 1 1 1 1 3
5586 1 1 1 1 1 1 3
5587 2 2 1 2 2 3 6
5588 1 1 1 2 1 2 3
5589 2 3 2 2 2 3 6
5590 3 2 2 2 2 3 6
5591 2 1 1 2 2 3 4
5592 1 1 2 2 1 2 4
5593 1 1 1 1 1 2 3
5594 2 2 2 2 3 3 6
5595 1 2 1 2 1 2 4
5596 4 4 2 3 2 4 9
5597 1 2 1 1 1 2 4
5598 1 1 1 2 1 2 4
5599 0 3 1 1 0 1 3
5600 1 2 2 2 2 3 5
5601 3 3 1 3 3 4 8
5602 3 3 1 3 3 4 7
5603 2 2 1 2 2 3 6
5604 3 3 1 3 3 4 7
5605 1 2 1 1 1 2 4
5606 0 1 1 1 1 1 2
5607 2 2 1 2 1 3 5
5608 2 2 1 2 2 3 5
5609 3 3 2 3 3 4 7
5610 2 2 2 2 2 3 6
5611 2 2 1 2 2 3 6
5612 3 3 2 3 2 4 7
5613 3 2 1 3 3 4 7
5614 2 2 1 3 3 3 5
5615 3 2 1 2 2 4 6
5616 2 3 3 2 2 3 6
5617 1 3 2 1 1 3 6
5618 2 2 1 2 1 2 4
5619 2 3 3 2 2 3 7
5620 0 3 3 1 1 2 5
5621 3 3 1 2 2 2 5
5622 1 1 1 2 1 2 4
5623 3 4 3 3 3 4 9
5624 2 2 1 2 2 3 5
5625 1 1 1 2 1 2 3
5626 2 1 1 1 1 2 3
5627 0 1 1 2 2 2 4
5628 2 2 2 2 2 3 6
5629 3 3 1 2 1 3 6
5630 1 2 1 1 1 2 4
5631 0 2 3 2 2 3 6
5632 1 1 1 1 1 2 3
5633 2 1 1 1 1 2 4
5634 1 1 1 1 1 2 3
5635 3 2 2 3 3 4 7
5636 1 3 2 2 2 3 6
5637 2 2 2 1 1 2 4
5638 1 2 1 2 2 3 5
5639 3 3 2 2 1 2 5
5640 3 2 3 3 2 4 7
5641 0 0 1 2 1 1 2
5642 3 2 1 2 2 4 6
5643 0 3 3 1 1 2 5
5644 2 2 1 2 2 3 5
5645 2 2 1 3 2 3 5
5646 1 1 1 1 1 2 3
5647 2 1 1 2 1 3 5
5648 1 2 1 1 1 2 4
5649 0 2 1 1 1 1 3
5650 1 1 1 2 2 2 4
5651 3 2 1 2 2 4 6
5652 2 2 2 2 2 3 5
5653 2 1 1 1 1 2 4
5654 1 2 1 2 2 2 4
5655 3 3 3 3 2 4 8
5656 1 1 1 1 1 1 3
5657 2 2 2 2 2 3 5
5658 0 2 1 0 0 1 2
5659 1 1 1 2 2 1 3
5660 0 1 1 1 1 1 2
5661 1 1 1 0 1 1 2
5662 0 1 1 3 2 2 4
5663 3 2 1 2 2 4 6
5664 1 1 1 3 2 3 4
5665 2 3 2 2 2 3 5
5666 2 2 1 2 2 3 5
5667 1 2 2 2 1 2 4
5668 1 2 1 1 1 2 4
5669 0 1 2 1 1 2 4
5670 2 2 1 2 2 3 5
5671 2 1 1 2 2 3 4
5672 2 1 1 2 2 3 4
5673 2 1 1 1 1 2 4
5674 1 1 1 1 1 1 3
5675 1 1 1 1 1 2 4
5676 1 2 1 2 2 3 5
5677 2 2 2 2 2 3 6
5678 1 1 1 2 1 2 4
5679 3 3 1 3 3 4 8
5680 1 1 1 1 1 2 3
5681 1 1 1 1 1 1 2
5682 3 2 2 2 2 3 6
5683 2 3 2 3 2 3 6
5684 1 1 1 1 1 2 3
5685 2 1 1 2 1 3 4
5686 1 1 2 1 1 2 4
5687 3 2 1 2 2 4 7
5688 1 2 1 2 2 3 5
5689 0 1 1 2 1 2 3
5690 1 2 1 1 1 1 3
5691 2 2 1 1 1 2 4
5693 1 2 1 1 1 2 4
5694 1 2 1 2 1 2 4
5695 1 1 2 2 2 3 5
5696 3 3 2 3 2 4 7
5697 4 3 2 2 2 3 7
5698 1 2 2 1 1 1 3
5699 1 1 1 2 1 2 4
5700 2 2 1 2 2 3 5
5701 1 1 1 1 1 2 3
5702 3 2 1 3 2 4 7
5703 2 3 2 2 3 4 7
5704 0 1 2 1 1 2 4
5705 1 1 2 2 2 2 4
5706 3 2 1 2 2 3 5
5707 1 1 1 1 1 2 3
5708 1 1 1 1 1 1 3
5709 1 1 1 1 1 2 3
5710 3 3 3 3 2 4 7
5711 3 3 1 2 1 3 5
5712 1 2 1 2 1 3 5
5713 0 1 1 2 1 1 3
5714 3 3 2 2 2 4 7
5715 1 2 1 1 1 3 5
5716 1 1 1 1 1 2 3
5717 0 1 1 3 2 2 4
5718 2 2 1 2 2 3 5
