5719 1 1 1 1 1 2 4
5720 0 2 2 1 1 1 4
5721 3 3 2 3 1 4 7
5722 1 2 1 1 1 2 4
5723 1 2 1 2 2 3 5
5724 1 1 1 2 2 3 5
5725 1 1 1 1 1 2 4
5726 3 3 1 3 1 3 7
5727 1 1 2 2 1 3 5
5728 1 2 1 1 1 2 4
5729 2 2 2 2 1 3 5
5730 1 2 1 2 1 2 4
5731 3 3 1 2 2 4 7
5732 1 1 1 1 1 2 3
5733 1 0 1 2 1 2 4
5734 1 2 1 2 1 2 4
5735 1 1 1 1 1 2 3
5736 1 1 2 2 1 2 4
5737 1 1 1 1 1 1 3
5738 3 2 2 2 1 3 6
5739 4 4 3 3 2 4 8
5740 1 1 1 1 1 1 3
5741 1 2 1 1 1 2 4
5742 3 2 1 2 2 3 6
5743 0 1 2 1 1 1 3
5744 1 2 1 1 1 2 4
5746 2 2 1 2 1 2 4
5747 1 3 2 2 1 2 5
5748 2 2 1 2 1 3 5
5749 1 1 1 1 1 2 4
5750 1 1 2 2 1 2 4
5751 1 1 1 1 1 1 3
5752 2 1 1 2 1 3 5
5753 1 0 1 1 1 2 3
5754 1 3 2 1 1 3 6
5755 3 2 2 3 2 3 6
5756 1 1 2 2 1 2 4
5757 1 2 1 2 1 3 5
5758 1 1 1 2 1 2 4
5759 1 1 1 2 1 2 4
5760 2 2 2 2 2 4 7
5761 1 1 1 2 2 3 5
5762 2 1 2 2 2 3 6
5763 2 2 1 2 1 3 5
5764 2 2 1 2 1 2 4
5765 0 1 1 1 1 1 3
5766 1 1 1 1 1 2 4
5767 1 1 1 1 1 2 4
5768 1 1 1 1 1 1 3
5769 2 2 2 2 2 3 6
5770 2 2 2 2 1 2 5
5771 2 1 1 1 1 2 5
5772 1 1 1 1 1 2 4
5773 3 3 2 3 2 3 6
5774 0 0 1 2 1 2 3
5775 1 2 2 1 1 3 5
5776 2 2 2 2 1 3 6
5777 4 4 3 3 2 4 8
5778 0 2 1 1 1 2 4
5779 1 1 1 2 1 2 4
5780 0 1 1 2 1 1 3
5781 2 1 1 1 1 2 4
5782 0 0 1 1 1 0 1
5783 2 3 2 2 2 3 6
5784 1 1 1 1 1 2 3
5785 0 1 1 1 1 1 2
5786 2 3 1 1 1 2 4
5787 1 2 1 2 1 2 4
5788 1 2 1 2 1 2 4
5789 0 2 1 3 2 3 5
5790 4 4 3 3 2 4 8
5791 1 1 1 1 1 2 3
5792 2 3 2 2 2 3 7
5793 0 0 1 1 1 1 2
5794 1 1 1 2 1 2 4
5795 2 2 1 2 1 3 5
5796 2 1 1 1 0 1 3
5797 2 2 1 2 1 3 5
5798 2 2 1 2 1 2 4
5799 0 1 1 1 1 1 3
5800 1 0 0 0 0 1 2
5801 1 1 1 1 1 2 4
5802 1 2 1 1 1 2 4
5803 2 2 2 2 2 3 6
5804 2 1 1 2 2 3 5
5805 2 2 1 2 1 3 5
5806 2 2 1 2 1 3 6
5807 1 1 2 2 1 2 4
5808 1 1 1 1 1 1 3
5809 1 2 2 2 1 3 5
5810 2 2 1 2 2 3 5
5811 2 2 1 2 1 3 5
5812 1 1 1 1 1 2 4
5813 2 2 1 2 1 3 5
5814 0 1 2 1 1 2 4
5815 3 3 2 2 1 3 6
5816 1 1 1 2 1 2 3
5817 2 3 3 2 3 4 8
5818 2 2 2 2 1 2 5
5819 0 3 2 1 1 2 5
5820 0 4 3 1 1 2 6
5821 1 2 1 2 1 2 4
5822 2 1 1 2 1 3 5
5823 3 3 2 2 1 3 7
5824 1 2 1 2 2 3 5
5825 1 1 1 1 1 2 3
5826 4 4 3 3 1 3 8
5827 2 2 1 2 1 3 6
5828 2 2 1 2 1 2 4
5829 3 1 1 3 1 3 6
5830 0 0 1 1 0 1 2
5831 0 1 1 1 0 1 2
5832 2 1 2 1 1 2 5
5833 2 3 2 2 1 3 6
5834 3 2 1 3 2 4 7
5835 1 0 1 2 1 2 4
5836 0 1 1 1 0 1 2
5837 1 1 1 1 1 2 3
5838 1 2 1 1 1 2 4
5839 0 1 2 2 1 2 4
5840 2 1 1 2 1 2 5
5841 2 1 2 2 2 3 5
5842 0 0 1 2 1 1 3
5843 2 2 1 2 2 3 6
5844 2 2 1 2 2 3 5
5845 3 3 1 3 1 4 7
5846 3 4 3 2 1 2 7
5847 0 0 1 0 0 0 1
5848 2 1 1 3 1 4 6
5849 2 2 2 2 1 3 6
5850 2 2 1 2 1 3 5
5851 0 0 1 2 1 2 3
5852 1 1 2 2 2 3 5
5853 1 1 2 2 1 3 5
5854 1 3 2 2 1 3 6
5855 4 4 3 3 2 4 9
5856 1 1 1 2 1 2 4
5857 3 2 1 2 2 4 7
5858 0 0 0 1 0 0 1
5859 1 1 1 2 1 2 4
5860 1 1 1 2 1 2 4
5861 2 2 1 2 1 3 5
5862 1 0 1 2 1 2 4
5863 1 1 2 2 1 3 5
5864 2 1 1 2 1 3 5
5865 3 3 3 3 2 4 8
5866 0 1 1 2 1 2 4
5867 0 0 1 1 0 1 2
5868 1 1 1 1 1 1 3
5869 3 3 2 3 2 3 7
