5870 3 2 2 3 2 3 6
5871 2 1 1 2 1 2 4
5872 3 1 2 3 2 4 7
5873 2 1 1 2 1 2 4
5874 1 1 1 1 1 1 3
5875 1 1 1 1 1 2 4
5876 3 3 2 3 2 4 8
5877 2 2 1 2 2 3 6
5878 2 2 1 3 2 3 6
5879 0 2 2 2 2 3 5
5880 2 1 1 3 2 3 5
5881 0 2 2 3 2 3 5
5882 1 1 1 2 1 2 4
5883 1 0 1 1 1 2 3
5884 0 0 1 1 1 1 2
5885 2 2 2 3 2 3 6
5886 3 3 2 3 2 4 8
5887 1 1 1 1 1 2 4
5888 2 2 1 3 3 3 6
5889 2 1 2 2 2 3 5
5890 2 2 2 2 2 3 5
5891 2 2 2 2 2 3 6
5892 0 1 2 1 1 2 4
5893 2 1 2 3 2 3 5
5894 0 1 1 3 1 2 4
5895 0 0 1 2 1 1 3
5896 2 2 1 2 2 3 6
5897 0 1 1 3 1 2 4
5898 2 1 1 2 1 2 4
5899 1 1 1 1 1 1 3
5900 2 2 2 3 3 3 6
5901 0 0 1 3 1 2 3
5902 2 1 1 1 1 2 4
5903 0 0 1 1 0 1 2
5904 3 1 1 3 2 4 7
5905 0 0 1 2 1 1 2
5906 2 2 1 2 2 3 5
5907 2 1 1 2 1 2 4
5908 1 2 1 2 1 2 4
5909 0 2 3 2 2 3 6
5910 1 2 2 2 1 2 4
5911 2 1 2 2 2 3 5
5912 1 1 2 3 2 3 5
5913 2 1 2 2 2 2 4
5914 2 2 1 2 2 3 5
5915 2 2 1 2 2 3 6
5916 2 1 1 2 1 2 4
5917 0 0 0 1 0 0 1
5918 1 2 1 2 2 3 5
5919 0 1 1 1 1 1 3
5920 2 2 2 3 2 3 5
5921 3 1 1 3 2 4 7
5922 2 2 1 2 1 3 5
5923 2 2 1 2 2 3 5
5924 1 1 1 1 1 1 3
5925 2 3 1 2 1 2 5
5926 1 1 1 2 1 2 4
5927 1 1 1 1 1 2 3
5928 1 0 1 1 1 2 3
5929 1 1 1 2 1 2 4
5930 2 2 1 3 2 4 7
5931 2 1 1 2 2 3 5
5932 2 2 1 2 1 3 5
5933 3 1 2 3 3 4 7
5934 2 1 1 2 2 3 5
5935 0 1 2 2 1 3 5
5936 3 1 1 3 2 4 7
5937 1 2 1 1 1 1 3
5938 1 1 1 1 1 2 3
5939 2 1 1 2 1 3 5
5940 0 1 1 2 1 2 4
5941 2 1 2 2 2 3 5
5942 1 1 1 2 2 3 5
5943 2 1 1 2 2 3 5
5944 3 4 1 2 1 3 7
5945 1 2 1 2 2 3 5
5946 1 2 2 2 1 2 5
5947 3 1 1 3 2 4 6
5948 2 2 1 1 1 2 4
5949 2 1 2 2 2 3 6
5950 0 1 1 1 1 1 2
5951 1 1 1 1 1 2 3
5952 1 1 1 1 1 2 3
5953 0 0 0 0 0 0 1
5954 1 1 1 2 2 3 5
5955 0 1 1 2 1 2 4
5956 0 1 2 2 1 3 5
5957 2 1 1 2 2 3 5
5958 0 1 1 1 1 1 2
5959 0 2 1 0 0 1 2
5960 2 2 2 2 1 3 5
5961 0 0 1 3 1 2 4
5962 1 1 1 2 2 2 4
5963 0 1 1 2 1 1 3
5964 0 1 1 2 1 1 3
5965 3 2 1 3 2 4 7
5966 1 1 1 2 1 2 4
5967 3 3 3 2 2 3 6
5968 1 0 1 2 2 3 4
5969 2 3 2 3 2 3 6
5970 1 1 1 2 1 2 3
5971 1 1 1 2 1 2 4
5972 1 1 1 1 1 2 4
5973 3 1 1 3 2 4 7
5974 1 1 1 2 1 2 4
5975 0 0 1 2 0 1 2
5976 0 2 1 3 2 3 6
5977 2 3 3 2 2 3 6
5978 1 1 1 1 1 2 3
5979 2 2 1 2 2 3 6
5980 3 4 3 3 2 4 8
5981 3 3 2 3 2 4 8
5982 1 0 1 1 1 2 3
5983 2 1 1 2 2 3 5
5984 3 3 3 3 2 4 8
5985 3 4 3 2 1 3 7
5986 3 1 1 3 2 4 7
5987 0 0 1 1 1 1 2
5988 1 1 1 2 2 2 4
5989 0 1 1 3 1 2 4
5990 2 2 1 2 2 3 6
5991 1 1 1 2 2 2 4
5992 1 1 1 2 1 2 3
5993 1 1 1 1 1 1 3
5994 2 2 1 2 2 3 5
5995 1 0 0 2 2 2 3
5996 1 1 1 1 1 2 3
5997 1 1 1 1 1 1 3
5998 2 1 1 2 2 2 4
5999 1 2 1 2 1 2 5
6000 2 1 2 2 2 3 5
6001 3 1 1 3 2 4 6
6002 3 4 3 3 3 4 9
6003 1 3 2 2 1 3 6
6004 1 1 2 2 1 2 4
6005 1 2 1 2 2 3 6
6006 0 1 1 3 2 3 5
6007 2 2 1 2 2 3 5
6008 1 0 1 1 2 2 3
6009 1 2 2 2 2 3 5
6010 0 1 1 1 1 2 3
6011 1 2 1 2 2 3 5
6012 1 1 1 1 1 1 3
6013 2 1 1 2 2 3 5
6014 1 1 1 2 1 2 3
6015 4 3 2 2 2 4 8
6016 2 2 1 2 1 3 5
6017 3 1 2 3 2 4 7
6018 1 1 1 2 1 2 4
6019 2 1 1 2 2 3 5
