6020 0 0 1 3 1 2 4
6021 1 2 1 2 1 2 4
6022 2 1 1 2 1 2 4
6023 2 1 1 2 2 3 5
6024 3 2 1 2 1 3 5
6025 1 1 1 1 1 2 4
6026 0 0 0 1 0 0 1
6027 2 3 2 3 2 4 7
6028 2 2 1 2 1 3 5
6029 0 0 1 1 1 1 2
6030 1 1 1 2 1 1 3
6031 2 1 2 2 2 3 5
6032 0 1 1 2 1 2 3
6033 1 1 1 2 2 2 4
6034 1 2 2 2 2 3 5
6035 1 2 2 2 2 3 5
6036 2 2 1 2 2 3 6
6037 1 1 1 2 1 2 4
6038 1 1 1 2 2 3 5
6039 1 2 1 1 1 2 4
6040 4 3 2 3 2 4 8
6041 1 1 1 1 2 2 3
6042 3 2 1 3 2 4 7
6043 1 2 2 2 2 3 5
6044 2 2 2 2 2 3 6
6045 1 0 1 2 2 2 4
6046 0 0 0 1 1 1 2
6047 2 2 1 2 1 2 4
6048 0 1 1 2 1 2 3
6049 3 2 2 2 2 3 6
6050 2 2 2 2 1 3 5
6051 2 3 2 2 2 4 8
6052 2 1 1 2 1 3 5
6053 3 1 1 3 2 4 7
6054 2 2 1 2 2 3 5
6055 3 2 1 3 2 4 7
6056 0 1 1 0 0 1 2
6057 2 2 2 2 3 3 5
6058 1 0 1 1 1 1 2
6059 2 2 1 2 1 3 5
6060 1 1 1 2 1 2 4
6061 0 1 2 2 1 2 4
6062 2 2 2 2 1 3 5
6063 2 1 1 2 1 2 4
6064 0 2 1 1 1 1 3
6065 3 1 1 3 2 4 6
6067 2 1 1 2 2 3 6
6068 3 2 1 3 2 3 6
6069 1 2 1 2 2 3 5
6070 1 2 2 1 1 1 3
6071 1 2 2 2 2 3 5
6072 1 1 1 2 1 2 3
6073 0 0 1 0 0 1 2
6074 1 2 1 1 1 2 4
6075 1 2 1 2 2 2 4
6076 2 2 1 2 2 3 5
6077 0 0 1 1 1 1 2
6078 1 1 1 2 1 2 4
6079 2 2 1 2 2 3 5
6080 1 1 1 2 1 2 3
6081 2 1 1 2 1 2 4
6082 2 1 1 2 3 3 6
6083 2 1 1 1 1 2 4
6084 0 1 2 2 1 2 4
6085 1 1 1 2 1 2 4
6086 0 2 3 2 2 3 6
6087 1 2 1 2 1 3 5
6088 1 1 1 1 1 2 3
6089 4 4 2 3 2 4 9
6090 1 2 1 2 1 2 4
6091 3 3 1 2 2 3 7
6092 2 2 2 2 2 3 6
6093 2 1 1 2 1 2 4
6094 1 1 2 2 2 3 5
6095 1 0 1 1 1 2 4
6096 0 1 1 1 1 1 3
6097 1 1 1 2 1 2 3
6098 1 1 1 2 2 2 4
6099 3 2 1 2 2 3 6
6100 2 3 3 3 2 4 7
6101 0 2 2 2 1 2 4
6102 2 0 1 2 2 2 4
6103 3 1 1 2 2 4 6
6104 2 1 1 2 1 3 4
6105 3 3 2 3 2 4 7
6106 1 2 2 2 1 2 5
6107 1 1 1 1 1 2 3
6108 0 0 1 3 1 2 4
6109 1 1 1 2 1 1 3
6110 0 0 1 1 1 1 2
6111 3 4 3 3 3 4 9
6112 1 1 1 2 1 2 4
6113 2 1 1 2 1 3 4
6114 0 0 0 1 0 0 1
6115 1 2 1 2 1 2 5
6116 1 2 2 2 1 2 5
6117 0 1 1 1 1 1 2
6118 2 3 2 2 2 3 6
6119 1 1 1 2 2 3 5
6120 1 2 2 2 1 2 5
6121 2 3 2 2 2 3 6
6122 0 2 3 2 1 2 5
6123 1 1 1 1 1 1 3
6124 3 2 1 3 2 3 6
6125 1 1 2 2 1 3 5
6126 2 2 2 3 2 3 6
6127 2 1 1 2 2 3 5
6128 2 2 2 2 2 3 6
6129 3 1 1 3 2 4 7
6130 3 2 1 2 2 3 6
6131 2 1 1 2 1 2 4
6132 0 1 1 1 1 1 3
6133 4 4 4 2 1 4 9
6134 2 1 1 2 2 3 5
6135 3 1 1 3 2 4 7
6136 1 1 1 2 1 2 3
6137 1 1 1 1 1 2 3
6138 1 1 1 2 1 2 3
6139 2 2 2 2 1 3 5
6140 1 0 1 1 1 1 2
6141 3 1 1 3 2 4 7
6142 2 1 2 2 2 3 5
6143 1 1 2 2 2 3 5
6144 3 3 1 2 2 3 7
6145 1 2 1 2 1 3 5
6146 0 0 1 1 0 0 1
6147 1 1 1 1 1 2 3
6148 2 2 2 2 2 3 6
6149 2 2 2 2 1 2 5
6150 1 2 1 1 1 2 4
6151 3 3 3 2 1 3 7
6152 2 1 1 2 1 3 5
6153 1 1 1 2 1 2 4
6154 0 0 1 3 1 2 4
6155 2 1 2 2 2 3 6
6156 1 1 1 1 1 2 3
6157 1 1 2 2 1 3 5
6158 2 3 2 3 2 3 7
6159 2 1 1 2 1 3 5
6160 0 0 1 3 1 4 4
6161 0 0 1 1 1 1 2
6162 1 1 1 2 1 2 4
6163 2 1 1 2 1 2 4
6164 2 1 1 2 2 3 5
6165 1 2 1 1 1 2 4
6166 3 1 1 3 2 4 6
6167 0 1 1 2 1 1 2
6168 0 0 1 3 1 2 3
6169 2 1 1 2 2 3 5
6170 2 2 1 2 1 3 5
