6171 2 2 1 2 1 3 5
6172 3 1 1 3 2 4 7
6173 1 1 1 1 1 2 4
6174 2 1 2 3 2 3 6
6175 2 1 1 2 1 3 4
6176 1 1 1 1 0 1 3
6177 2 2 1 2 1 2 5
6178 4 4 2 2 2 1 6
6179 0 0 0 2 1 2 3
6180 3 2 1 2 2 4 6
6181 1 1 1 1 1 2 4
6182 1 1 1 2 1 2 4
6183 0 0 0 1 1 1 2
6184 2 1 1 2 2 3 5
6185 1 1 1 1 1 2 4
6186 2 1 1 2 2 3 5
6187 1 1 1 1 1 2 4
6188 0 0 1 1 1 1 2
6189 1 2 1 1 1 2 4
6190 0 0 0 1 0 1 2
6191 0 2 2 1 1 2 4
6192 2 1 2 2 3 3 5
6193 3 3 2 3 2 3 7
6194 2 1 1 1 1 3 5
6195 3 1 1 2 2 3 6
6196 2 2 1 2 2 3 5
6197 2 1 2 2 2 3 5
6198 1 1 1 2 2 3 5
6199 0 0 0 1 1 1 2
6200 3 1 2 2 1 2 5
6201 3 3 2 2 2 3 7
6202 0 2 1 1 1 1 4
6203 2 1 1 1 1 2 4
6204 1 1 1 1 1 1 3
6205 1 2 1 1 1 2 4
6206 1 2 1 0 0 1 2
6207 2 1 1 1 1 2 4
6208 1 2 1 1 1 3 5
6209 1 3 2 1 1 2 5
6210 0 0 0 2 1 2 3
6211 4 2 2 2 1 2 6
6212 3 2 2 2 2 3 6
6213 2 2 1 2 1 3 5
6214 1 2 1 1 1 1 3
6215 1 0 1 1 1 1 3
6216 1 1 1 1 1 2 4
6217 3 1 1 2 2 3 6
6218 2 3 2 2 2 2 6
6219 1 1 2 2 1 2 4
6220 1 1 1 2 1 2 4
6221 3 3 1 3 3 4 7
6222 2 0 1 2 2 3 5
6223 0 0 0 0 0 0 0
6224 3 1 1 3 2 4 7
6225 0 0 1 2 1 2 4
6226 1 0 1 1 1 2 3
6227 1 3 1 2 2 3 6
6228 2 1 1 2 1 2 5
6229 1 2 2 1 1 2 4
6230 1 1 2 2 1 3 5
6231 1 0 1 1 1 2 4
6232 1 1 2 2 2 3 5
6233 2 2 1 3 2 3 5
6234 1 1 1 2 1 2 4
6235 3 3 2 2 2 4 7
6236 1 0 1 1 0 1 3
6237 2 2 2 2 2 3 6
6238 1 1 1 1 1 2 3
6239 1 1 1 1 1 1 3
6240 2 2 1 2 2 2 5
6241 2 2 2 2 1 3 5
6242 0 0 0 2 1 2 3
6243 2 2 1 3 2 3 5
6244 4 1 1 3 2 4 7
6245 1 2 1 2 1 2 4
6246 1 1 1 1 1 2 4
6247 0 0 0 2 1 2 3
6248 1 2 1 2 2 3 5
6249 2 2 1 2 2 3 6
6250 0 2 2 2 2 3 5
6251 1 1 1 1 1 1 3
6252 1 1 1 2 2 3 5
6253 1 1 1 1 1 2 4
6254 4 1 1 3 2 4 7
6255 2 2 1 2 2 3 5
6256 0 0 1 1 1 1 3
6257 1 1 1 2 1 3 4
6258 2 2 1 2 1 3 5
6259 1 1 1 2 2 2 4
6260 2 2 1 2 2 3 6
6261 1 1 2 2 1 3 5
6262 2 1 1 1 1 2 4
6263 2 1 1 1 1 3 5
6264 1 1 0 1 0 1 2
6265 1 0 1 1 1 1 3
6266 0 2 2 2 1 2 4
6267 0 1 1 1 1 1 3
6268 1 1 1 1 1 3 4
6269 1 2 1 2 2 3 6
6270 1 1 1 1 1 2 4
6271 0 1 1 1 1 2 4
6272 1 1 1 1 1 2 3
6273 1 2 1 2 1 2 4
6274 2 1 2 2 1 3 5
6275 3 1 1 2 2 4 6
6276 3 2 2 2 1 3 6
6277 1 2 1 1 1 1 3
6278 1 1 1 1 1 2 4
6279 1 0 1 1 1 2 4
6280 1 1 1 1 1 2 4
6281 1 1 2 2 2 3 5
6282 4 4 2 2 2 3 7
6283 2 2 1 2 1 2 5
6284 2 2 1 2 1 3 5
6285 1 0 1 2 1 2 3
6286 2 2 1 2 2 3 6
6287 1 1 1 1 1 2 4
6288 2 2 1 2 2 3 6
6289 3 3 1 2 2 3 7
6290 1 2 2 2 3 3 6
6291 3 2 2 2 2 4 7
6292 1 1 2 2 1 2 4
6293 1 1 1 2 1 2 4
6294 1 1 1 1 1 1 3
6295 3 1 1 3 2 4 6
6296 0 2 1 1 1 1 3
6297 1 1 1 1 1 2 4
6298 1 2 1 1 1 1 3
6299 2 3 2 2 2 3 6
6300 1 2 1 2 1 2 4
6301 1 3 2 1 2 2 5
6302 0 2 1 1 1 1 3
6303 1 1 1 2 2 3 5
6304 1 1 1 2 1 2 3
6305 1 1 1 1 1 2 4
6306 0 1 0 0 0 1 1
6307 3 1 1 3 2 4 7
6308 3 3 1 2 2 4 7
6309 1 2 1 2 2 3 5
6310 3 2 2 3 2 4 7
6311 2 1 1 1 1 3 4
6312 1 2 1 2 2 3 5
6313 0 1 1 2 1 3 4
6314 2 2 1 2 1 2 5
6315 2 2 1 3 2 3 6
6316 2 2 2 2 2 3 6
6317 0 0 1 1 1 1 2
6318 2 2 2 2 1 2 5
6319 2 1 1 2 2 3 5
6320 2 2 1 2 1 3 5
