6321 1 1 1 1 2 2 4
6322 2 2 2 2 2 3 5
6323 2 1 1 2 2 3 6
6324 3 2 1 3 2 4 7
6325 2 2 1 2 1 3 5
6326 1 1 1 2 1 2 4
6327 2 1 1 2 1 2 4
6328 1 1 1 1 2 2 4
6329 2 1 1 2 1 3 5
6330 0 1 0 0 0 1 2
6331 1 1 0 1 0 1 2
6332 1 0 1 1 1 2 3
6333 1 2 1 1 1 2 4
6334 2 2 2 2 2 3 5
6335 1 1 1 1 2 2 4
6336 2 1 2 2 2 3 6
6337 0 2 2 2 2 3 5
6338 1 2 1 1 1 2 4
6339 1 2 2 2 2 3 6
6340 1 1 2 2 1 3 5
6341 1 1 1 2 2 3 4
6342 0 1 1 1 1 1 3
6343 1 2 1 1 1 2 4
6344 0 0 1 2 2 2 4
6345 1 2 1 1 1 2 4
6346 1 2 2 2 2 3 5
6347 1 0 1 1 1 1 3
6348 2 2 2 2 2 3 6
6349 3 3 2 3 2 4 8
6350 2 1 1 2 2 3 5
6351 1 0 0 0 1 1 2
6352 0 2 2 1 1 2 5
6353 1 1 2 2 1 3 5
6354 1 1 0 1 0 1 2
6355 1 1 0 0 0 1 2
6356 2 3 1 2 2 4 7
6357 2 1 1 2 2 3 5
6358 2 2 1 2 2 3 6
6359 2 1 1 2 2 3 5
6360 2 2 1 1 1 3 5
6361 0 1 1 0 0 1 2
6362 1 2 1 1 2 3 5
6363 3 3 3 0 0 1 3
6364 1 2 1 1 1 3 5
6365 2 2 2 2 2 3 6
6366 3 4 3 3 2 3 8
6367 3 1 1 3 3 4 7
6368 0 1 2 1 1 1 3
6369 0 0 1 2 1 2 3
6370 1 1 1 1 1 2 4
6371 2 3 1 2 2 3 6
6372 2 1 2 2 1 3 5
6373 1 1 1 2 1 2 4
6374 2 1 1 2 1 3 5
6375 0 0 1 2 1 2 4
6376 2 1 2 2 2 3 5
6377 2 1 1 1 1 3 5
6378 1 1 1 1 1 2 3
6379 1 2 1 1 1 3 5
6380 3 2 2 1 1 2 5
6381 2 2 1 2 2 3 6
6382 3 3 2 3 2 4 8
6383 1 1 1 1 1 2 4
6384 2 1 1 2 2 3 5
6385 2 2 1 2 2 3 5
6386 2 2 1 2 1 3 5
6387 1 1 1 1 1 2 4
6388 2 1 1 2 2 3 5
6389 2 0 0 0 0 1 2
6390 2 1 1 2 1 3 5
6391 0 0 1 2 1 2 4
6392 3 2 1 2 1 3 5
6393 0 0 1 1 1 1 3
6394 1 1 1 2 2 2 4
6395 4 4 3 3 2 4 9
6396 3 3 2 3 2 4 8
6397 2 2 2 1 1 2 4
6398 2 3 2 2 2 3 6
6399 2 1 1 2 2 3 5
6400 2 1 1 2 1 3 4
6401 1 1 1 1 2 2 4
6402 3 2 1 3 2 4 7
6403 2 2 1 1 1 3 5
6404 2 2 1 2 2 2 5
6405 0 0 1 2 1 2 4
6406 0 2 2 2 1 2 5
6407 1 1 1 2 2 3 4
6408 3 1 1 2 2 4 6
6409 1 1 0 1 1 1 2
6410 1 2 1 2 2 2 4
6411 0 0 0 0 0 1 1
6412 3 1 1 2 2 4 6
6413 2 1 1 2 2 3 5
6414 1 2 1 1 1 2 3
6415 1 0 0 1 0 1 2
6416 2 1 1 2 1 3 5
6417 0 2 1 0 0 1 1
6418 1 0 1 0 0 1 2
6419 0 0 1 2 1 2 4
6420 3 1 1 2 2 4 6
6421 2 1 1 2 1 3 5
6422 2 1 2 2 1 3 5
6423 3 3 2 3 2 4 8
6424 0 0 1 2 1 2 4
6425 2 2 2 2 2 3 6
6426 2 2 1 2 1 3 5
6427 1 0 1 1 1 1 3
6428 1 1 1 1 1 2 4
6429 2 0 1 0 0 1 3
6430 2 1 1 2 1 3 4
6431 1 1 1 2 1 2 4
6432 2 2 2 2 2 3 6
6433 2 2 2 2 2 3 6
6434 3 2 1 2 2 3 5
6435 0 0 1 2 1 2 4
6436 1 2 1 3 3 4 7
6437 2 2 1 2 1 3 5
6438 2 2 1 2 2 3 5
6439 2 2 1 2 1 3 5
6440 3 1 1 3 2 4 7
6441 3 1 1 3 2 4 7
6442 2 1 1 2 1 2 4
6443 2 1 1 1 1 3 5
6444 2 1 2 2 2 3 5
6445 1 1 1 1 1 1 3
6446 1 1 1 1 1 2 4
6447 1 1 1 2 1 2 3
6448 2 3 2 1 1 3 6
6449 4 4 2 2 1 4 8
6450 4 4 4 0 0 1 4
6451 1 0 0 1 1 1 2
6452 1 1 1 1 1 2 4
6453 2 2 2 2 1 3 5
6454 0 0 1 1 0 1 2
6455 2 1 1 2 1 3 5
6456 3 1 1 3 2 4 7
6457 0 1 1 1 0 1 2
6458 2 3 2 2 2 4 7
6459 2 1 1 2 1 3 5
6460 2 1 1 2 1 3 4
6461 0 0 1 2 1 2 3
6462 1 2 1 2 2 3 5
6463 2 1 1 2 1 3 5
6464 0 0 1 2 1 2 4
6465 3 2 1 2 2 3 6
6466 1 1 1 1 1 2 3
6467 1 1 1 2 2 3 5
6468 2 1 1 2 2 3 5
6469 3 2 1 2 2 3 5
6470 0 0 1 2 1 2 4
