6471 0 0 1 1 1 1 3
6472 0 0 1 2 1 2 4
6473 2 3 2 2 2 4 7
6474 3 3 3 3 2 4 8
6475 2 1 1 1 0 2 4
6476 2 3 2 1 1 3 6
6477 1 1 1 2 1 2 4
6478 4 4 3 3 3 4 9
6479 1 2 1 1 1 2 4
6480 3 2 2 2 1 3 6
6481 0 0 1 2 1 2 4
6482 1 2 1 1 1 2 4
6483 2 2 2 2 1 3 5
6484 1 2 1 1 1 2 4
6485 0 1 2 2 1 2 4
6486 1 1 1 1 1 2 3
6487 3 1 1 3 2 4 7
6488 1 1 1 1 0 1 3
6489 1 1 1 1 1 2 3
6490 4 4 3 3 2 4 9
6491 1 1 0 1 1 1 2
6492 1 1 1 2 1 2 4
6493 1 1 2 2 2 2 4
6494 2 1 1 2 1 2 4
6495 2 2 1 2 2 3 6
6496 2 2 1 2 1 2 5
6497 0 0 0 0 0 1 1
6498 2 2 1 2 1 3 5
6499 1 1 1 1 1 2 3
6500 2 2 2 3 2 4 7
6501 2 3 2 2 2 2 6
6502 1 1 1 1 1 1 3
6503 3 1 1 3 2 4 7
6504 3 1 1 0 1 2 4
6505 3 3 2 3 2 4 8
6506 0 0 0 1 0 1 2
6507 2 1 1 2 2 3 6
6508 3 1 1 3 2 4 7
6509 2 1 1 2 2 3 5
6510 2 1 1 2 1 3 5
6511 2 1 1 2 1 3 5
6512 1 1 0 1 1 1 3
6513 2 3 2 2 2 4 7
6514 3 4 3 3 2 4 8
6515 3 4 3 3 3 4 8
6516 2 2 2 2 2 3 5
6517 3 1 1 2 1 4 6
6518 0 2 2 1 1 2 4
6519 2 1 2 2 1 3 5
6520 1 0 0 1 0 1 1
6521 1 2 2 2 2 3 5
6522 0 0 1 3 1 2 3
6523 1 1 1 2 1 2 4
6524 3 3 2 3 2 4 8
6525 2 1 1 2 2 3 6
6526 4 4 1 3 2 4 8
6527 2 2 2 2 1 3 5
6528 3 2 2 1 1 2 6
6529 3 1 1 3 3 4 7
6530 0 1 2 2 1 2 4
6531 1 1 2 2 2 3 5
6532 3 3 2 3 2 4 7
6533 1 1 1 1 1 2 3
6534 1 1 1 2 1 2 4
6535 1 1 1 2 1 2 4
6536 3 2 2 1 1 2 5
6537 1 1 1 1 1 1 3
6538 2 2 1 2 2 3 5
6539 0 0 1 1 1 1 3
6540 2 2 2 2 2 3 5
6541 0 1 1 1 1 1 3
6542 2 3 2 2 1 3 6
6543 2 2 1 3 2 3 6
6544 0 2 1 0 0 1 2
6545 0 2 2 1 1 2 4
6546 1 2 2 2 2 2 5
6547 2 1 2 2 2 3 5
6548 2 1 1 2 2 3 5
6549 3 2 2 3 3 4 6
6550 2 2 1 2 1 3 5
6551 2 2 1 2 2 3 5
6552 2 1 1 2 1 3 5
6553 3 1 1 3 2 4 7
6554 1 1 1 1 1 2 3
6555 2 2 1 1 1 3 5
6556 3 1 1 3 2 4 7
6557 3 3 2 3 2 4 7
6558 0 0 0 0 0 0 1
6559 0 1 1 1 1 1 3
6560 0 0 0 1 0 1 1
6561 3 2 2 3 3 4 7
6562 1 2 1 1 1 2 4
6563 1 2 1 1 1 2 4
6564 2 2 1 2 2 3 5
6565 1 3 2 1 1 3 5
6566 4 3 1 3 2 4 8
6567 1 1 1 2 1 2 4
6568 1 1 2 2 2 3 5
6569 0 0 1 2 1 2 4
6570 2 1 2 2 2 4 7
6571 1 2 1 2 1 2 4
6572 3 1 2 2 1 2 5
6573 1 1 1 1 1 1 3
6574 3 1 2 1 0 2 4
6575 1 1 1 1 2 2 4
6576 4 4 2 3 2 4 9
6577 0 2 1 0 0 1 2
6578 3 4 3 3 2 4 9
6579 3 2 1 3 3 4 7
6580 2 2 1 3 2 3 6
6581 0 1 1 0 0 1 2
6582 1 1 1 1 1 2 3
6583 0 0 0 0 0 0 0
6584 2 1 1 2 1 2 4
6585 3 3 1 3 2 4 7
6586 2 2 1 2 2 3 6
6587 2 2 1 2 1 3 5
6588 1 2 2 2 1 3 5
6589 2 3 2 2 2 4 7
6590 2 1 2 3 2 3 6
6591 1 1 1 1 1 1 3
6592 3 1 1 2 2 4 6
6593 2 2 1 2 1 3 5
6594 1 1 1 1 2 2 4
6595 3 2 1 2 2 4 6
6596 1 2 2 1 1 2 4
6597 2 1 1 2 2 3 5
6598 3 2 1 1 1 2 4
6599 2 1 2 2 2 3 5
6600 1 2 2 2 2 3 5
6601 3 1 1 2 1 4 6
6602 2 1 1 2 1 2 4
6603 1 2 1 1 1 2 4
6604 0 2 2 0 0 1 3
6605 1 1 1 2 2 3 5
6606 2 1 1 2 2 3 5
6607 2 2 2 2 1 3 5
6608 1 1 1 2 1 2 4
6609 4 3 2 2 2 4 8
6610 4 4 3 3 2 4 9
6611 1 1 1 2 2 3 5
6612 1 2 1 1 1 2 4
6613 2 0 1 1 1 2 4
6614 1 1 1 2 2 3 5
6615 2 1 1 2 1 3 5
6616 1 2 1 1 1 2 4
6617 0 1 1 0 0 1 2
6618 0 0 0 0 0 0 0
6619 1 1 1 2 0 2 3
6620 2 2 2 2 2 3 6
