6621 3 1 1 1 1 2 5
6622 1 2 1 1 1 3 5
6623 1 1 1 1 1 2 3
6624 0 1 1 1 1 1 3
6625 0 1 1 0 0 0 1
6626 0 2 0 0 0 0 1
6627 0 1 1 1 0 1 2
6628 0 1 0 0 0 0 1
6629 1 1 1 1 1 2 4
6630 2 2 1 2 2 3 5
6631 0 0 0 1 0 1 2
6632 1 2 1 2 1 2 4
6633 2 1 1 2 2 3 5
6634 2 2 1 2 2 3 5
6635 0 1 1 1 1 1 3
6636 3 1 1 3 2 3 5
6637 3 2 2 2 2 3 6
6638 2 2 2 2 2 3 5
6639 3 2 2 2 2 4 7
6640 0 0 0 1 0 0 1
6641 1 1 1 2 2 3 4
6642 1 1 1 1 1 2 4
6643 1 1 1 1 1 2 4
6644 3 2 1 2 1 3 5
6645 2 2 2 2 1 3 5
6646 3 2 1 3 2 4 7
6647 1 2 2 1 1 2 4
6648 2 2 1 2 2 3 5
6649 3 1 1 2 3 4 6
6650 2 1 1 2 1 3 5
6651 1 1 1 1 1 2 4
6652 1 1 1 1 1 3 4
6653 2 2 2 2 1 3 5
6654 0 1 0 0 0 1 1
6655 1 1 1 1 1 2 4
6656 1 2 2 1 1 2 4
6657 2 2 1 2 2 3 5
6658 3 1 1 2 2 3 6
6659 3 2 1 2 1 3 5
6660 2 2 1 2 2 3 5
6661 3 2 1 2 2 3 6
6662 1 1 1 1 1 2 4
6663 2 3 2 2 3 4 7
6664 2 2 2 2 2 3 6
6665 1 1 1 1 1 1 3
6666 4 4 1 2 1 3 7
6667 0 2 1 1 1 2 4
6668 1 1 1 1 1 2 4
6669 0 2 2 2 2 3 5
6670 1 1 1 1 1 2 4
6671 2 1 1 2 1 1 4
6672 1 0 1 1 2 2 4
6673 2 1 1 1 1 2 4
6674 0 2 1 0 0 1 2
6675 1 1 1 1 2 2 4
6676 1 2 1 1 1 1 3
6677 0 0 1 1 1 1 3
6678 4 4 2 3 2 4 9
6679 3 2 2 3 2 4 7
6680 2 1 2 2 1 3 5
6681 0 0 1 1 1 1 3
6682 0 0 0 0 0 0 1
6683 2 3 2 1 1 3 6
6684 1 1 1 1 1 2 4
6685 1 1 2 2 1 3 5
6686 1 1 2 2 1 3 5
6687 3 1 1 1 1 2 5
6688 2 0 1 1 1 1 3
6689 3 2 2 3 2 4 7
6690 0 1 1 1 1 1 3
6691 0 0 0 2 1 2 3
6692 0 1 1 2 2 3 4
6693 1 1 1 1 1 2 4
6694 2 1 2 2 1 3 6
6695 3 2 1 3 2 3 7
6696 1 1 1 2 2 3 5
6697 2 3 2 2 2 3 6
6698 2 2 1 2 1 3 5
6699 2 1 2 2 1 3 5
6700 3 2 2 3 3 4 7
6701 3 1 1 2 1 4 6
6702 3 2 1 3 3 4 6
6703 3 0 1 1 1 1 3
6704 1 2 1 2 2 3 5
6705 2 2 1 2 2 3 6
6706 3 1 1 1 1 2 4
6707 1 1 1 2 2 2 4
6708 3 2 1 3 3 4 6
6709 1 0 1 1 1 2 4
6710 3 2 2 3 3 4 7
6711 1 2 1 1 1 2 4
6712 1 1 1 2 1 2 4
6713 1 2 1 2 2 3 5
6714 1 2 1 1 1 1 3
6715 0 0 0 2 1 2 3
6716 2 1 1 2 2 3 6
6717 4 4 2 1 1 2 6
6718 1 1 2 2 2 2 4
6719 2 2 2 2 2 3 5
6720 3 4 3 3 2 4 8
6721 2 2 1 2 1 2 5
6722 3 1 1 3 3 4 7
6723 1 1 2 2 2 3 5
6724 0 1 1 1 0 1 2
6725 1 2 1 1 1 2 4
6726 2 1 2 2 2 3 6
6727 0 1 0 0 0 0 1
6728 1 1 1 1 1 2 4
6729 0 0 0 0 0 0 0
6730 3 3 2 3 2 4 7
6731 1 1 1 1 1 2 4
6732 1 2 2 1 1 2 5
6733 0 1 1 1 1 1 3
6734 0 0 0 1 0 1 2
6735 2 0 1 2 2 3 6
6736 2 2 1 2 1 2 5
6737 3 4 3 3 2 4 8
6738 1 1 1 2 1 2 4
6739 3 1 1 3 2 4 7
6740 1 1 1 1 1 2 4
6741 1 3 3 3 2 3 7
6742 0 0 1 0 1 1 2
6743 1 1 2 2 1 2 5
6744 0 0 0 1 0 0 1
6745 0 1 1 1 1 2 4
6746 1 1 1 1 1 2 3
6747 0 1 1 2 1 3 4
6748 2 2 1 1 1 2 4
6749 4 1 1 3 2 4 8
6750 2 3 2 2 2 3 6
6751 4 2 2 2 1 2 6
6752 1 1 1 1 1 2 4
6753 1 0 0 1 0 1 2
6754 1 1 1 1 1 2 4
6755 2 2 1 2 1 2 4
6756 2 2 1 2 1 3 5
6757 2 0 0 1 1 2 4
6758 2 2 2 2 2 3 6
6759 3 3 2 2 1 3 6
6760 2 2 2 2 1 3 5
6761 1 1 1 1 1 2 4
6762 2 0 0 0 0 1 2
6763 1 1 1 1 1 2 3
6764 1 2 2 1 1 2 4
6765 1 1 1 1 1 2 4
6766 2 2 2 2 2 3 5
6767 1 1 1 1 1 2 3
6768 2 2 1 2 1 3 5
6769 1 0 1 1 1 2 4
6770 2 1 1 2 3 3 6
