6771 0 0 0 1 0 1 2
6772 1 1 1 1 1 2 3
6773 1 2 2 2 1 3 6
6774 1 1 1 2 2 3 5
6775 2 2 1 2 1 2 5
6776 1 2 2 1 1 2 5
6777 0 1 1 1 0 0 1
6778 2 2 2 2 1 3 5
6779 2 2 1 2 1 3 5
6780 1 1 1 2 1 2 3
6781 1 1 2 1 1 1 3
6782 4 3 2 3 2 4 8
6783 2 2 2 2 1 3 5
6784 0 1 1 0 0 0 1
6785 0 0 1 2 1 2 4
6786 3 1 1 3 2 4 7
6787 1 0 1 2 1 3 5
6788 2 1 1 2 1 3 5
6789 0 2 1 2 2 3 5
6790 1 1 1 1 1 2 3
6791 0 0 0 2 1 2 3
6792 3 3 2 2 1 2 5
6793 1 1 1 1 1 2 4
6794 0 1 1 2 1 2 3
6795 1 1 1 1 1 2 4
6796 1 1 1 1 1 2 4
6797 1 1 1 1 1 2 4
6798 1 2 1 2 1 1 4
6799 3 3 3 2 2 4 7
6800 1 1 1 1 1 2 4
6801 2 2 1 2 2 3 5
6802 1 2 2 2 2 3 6
6803 2 2 2 1 1 2 5
6804 2 3 2 2 2 3 6
6805 1 2 1 1 1 2 4
6806 0 0 0 2 1 2 3
6807 2 3 2 2 2 3 7
6808 1 0 1 2 2 3 5
6809 2 1 1 2 2 3 5
6810 2 3 3 2 3 4 7
6811 0 1 1 1 1 1 3
6812 2 2 1 1 1 2 5
6813 1 2 1 1 1 1 3
6814 2 2 1 2 1 2 5
6815 1 2 1 1 1 2 4
6816 2 2 2 2 2 3 6
6817 1 2 1 2 1 2 4
6818 2 1 1 2 1 3 5
6819 2 1 1 2 1 3 5
6820 2 3 2 2 2 3 6
6821 1 1 1 1 1 2 4
6822 2 2 1 2 1 3 5
6823 2 2 1 2 1 3 5
6824 1 1 1 1 1 2 3
6825 3 1 1 3 2 4 7
6826 3 3 2 3 2 3 7
6827 1 2 1 2 1 3 5
6828 2 2 1 2 1 3 5
6829 2 1 1 2 2 3 5
6830 0 0 0 2 1 2 3
6831 1 1 1 1 1 1 3
6832 0 0 0 0 0 0 0
6833 1 1 1 2 1 2 4
6834 1 1 1 1 1 2 4
6835 1 1 1 1 1 2 4
6836 1 0 1 1 1 2 3
6837 0 2 0 0 0 0 1
6838 2 2 1 2 1 2 4
6839 3 1 2 1 1 2 5
6840 1 1 1 2 1 3 4
6841 4 4 2 2 2 3 8
6842 0 2 1 1 1 1 3
6843 0 2 1 1 1 1 3
6844 2 3 1 2 2 3 6
6845 2 1 1 2 1 3 4
6846 1 2 1 2 1 2 4
6847 1 1 1 2 1 2 4
6848 2 1 1 1 1 2 4
6849 2 2 1 2 2 3 5
6850 4 1 1 4 3 3 7
6851 0 1 2 1 1 2 4
6852 1 1 1 2 1 2 3
6853 1 1 1 2 1 3 4
6854 1 2 1 1 1 2 4
6855 3 1 1 2 2 4 7
6856 2 1 1 2 2 3 5
6857 1 1 1 2 2 2 4
6858 1 0 1 2 1 2 4
6859 1 1 1 1 1 2 3
6860 1 1 1 1 1 2 4
6861 2 2 2 1 1 2 5
6862 3 2 1 2 1 3 5
6863 1 1 1 1 1 2 3
6864 1 1 1 1 1 1 3
6865 1 1 1 1 1 1 3
6866 3 2 1 2 2 4 6
6867 1 1 1 2 2 3 5
6868 1 1 2 2 1 2 4
6869 3 3 1 2 2 2 6
6870 2 1 1 1 1 3 5
6871 1 2 1 2 1 2 4
6872 3 1 1 3 2 4 7
6873 2 1 2 2 2 3 6
6874 1 0 1 1 1 2 3
6875 0 2 2 1 1 2 4
6876 1 1 1 1 1 2 4
6877 0 1 2 2 1 2 4
6878 3 2 1 2 1 3 5
6879 2 2 2 2 1 3 5
6880 2 2 2 2 2 4 6
6881 0 0 0 1 0 1 2
6882 3 3 1 2 2 4 7
6883 2 2 1 2 2 3 5
6884 2 2 1 2 1 3 5
6885 3 2 2 2 2 3 6
6886 1 1 1 2 2 3 5
6887 1 1 1 1 1 2 4
6888 4 4 2 3 2 4 9
6889 1 1 1 2 1 2 3
6890 1 1 1 1 1 2 4
6891 2 0 1 2 1 3 5
6892 0 2 1 1 1 1 3
6893 2 2 2 2 1 3 5
6894 0 1 1 2 1 2 3
6895 2 2 2 2 1 3 5
6896 0 0 0 1 0 1 2
6897 2 1 1 2 2 3 5
6898 1 1 1 1 1 2 4
6899 2 1 1 1 1 2 4
6900 0 0 0 2 1 2 3
6901 3 1 1 2 2 4 6
6902 2 0 1 1 1 3 5
6903 3 1 2 2 3 2 6
6904 0 1 2 1 1 1 3
6905 1 1 1 2 1 2 4
6906 2 1 2 2 1 3 5
6907 0 0 0 1 0 1 2
6908 1 0 1 1 1 2 3
6909 1 1 1 2 1 1 3
6910 2 2 3 2 2 3 6
6911 3 3 1 2 2 4 7
6912 4 1 1 3 2 4 8
6913 3 3 2 2 2 4 8
6914 4 4 2 3 2 4 8
6915 1 1 1 1 1 2 4
6916 1 1 1 1 1 2 4
6917 1 1 1 1 1 2 4
6918 1 1 1 1 1 2 4
6919 3 4 3 3 2 4 8
6920 1 0 1 1 1 2 4
