6922 2 3 3 3 2 3 6
6923 2 3 3 2 2 4 7
6924 1 2 1 1 1 2 4
6925 3 3 3 3 2 3 8
6926 3 2 2 2 2 4 7
6927 1 2 1 1 1 2 4
6928 1 1 1 2 1 2 4
6929 2 1 1 2 1 3 5
6930 2 2 2 1 1 2 5
6931 2 3 3 2 2 3 7
6932 0 1 0 1 1 1 2
6933 0 1 1 2 1 2 3
6934 1 1 1 1 2 2 4
6935 1 1 1 1 1 2 3
6936 2 2 1 2 1 3 5
6937 2 1 1 2 2 3 5
6938 1 3 0 0 0 1 3
6939 2 3 2 2 2 4 7
6940 2 3 2 2 2 3 6
6941 2 3 2 3 2 4 7
6942 3 2 3 2 1 3 6
6943 0 1 1 2 1 2 4
6944 2 2 2 2 3 3 6
6945 1 2 2 2 1 2 5
6946 2 2 2 2 2 2 5
6947 1 1 1 2 1 2 3
6948 1 1 1 1 1 2 3
6949 1 1 1 1 1 1 3
6950 1 1 2 2 2 3 5
6951 1 1 1 3 2 3 5
6952 2 1 1 2 2 4 6
6953 1 1 1 1 1 2 4
6954 1 1 1 1 1 1 2
6955 3 2 1 2 2 4 7
6956 0 1 0 2 1 2 3
6957 2 1 1 2 2 3 5
6958 3 2 2 3 2 4 7
6959 1 1 1 2 1 2 4
6960 1 1 1 1 1 2 3
6961 2 2 2 1 1 2 5
6962 2 2 2 2 1 3 6
6963 1 2 2 2 1 2 5
6964 3 3 2 3 2 3 7
6965 1 2 2 1 1 1 3
6966 3 2 2 2 3 4 7
6967 1 1 1 2 2 2 4
6968 3 1 1 3 3 4 7
6969 3 1 1 3 2 4 7
6970 2 1 1 1 1 3 5
6971 0 0 0 0 1 1 2
6972 1 1 1 2 1 3 5
6973 0 1 0 0 0 0 1
6974 0 0 1 2 1 2 4
6975 1 1 2 2 1 2 4
6976 2 3 2 2 2 4 7
6977 2 1 1 2 1 3 5
6978 1 2 1 2 1 2 5
6979 1 2 1 1 1 2 4
6980 3 3 3 3 2 4 7
6981 0 1 1 2 1 2 4
6982 1 1 1 1 1 3 5
6983 1 1 1 2 1 2 4
6984 1 1 1 1 1 2 4
6985 0 0 1 2 1 2 3
6986 3 2 2 3 2 4 7
6987 2 2 1 2 1 3 5
6988 1 1 1 2 1 3 4
6989 2 2 1 2 2 3 5
6990 1 2 1 2 1 2 5
6991 0 0 1 2 1 2 4
6992 1 1 1 1 1 2 4
6993 1 2 1 1 1 1 3
6994 1 1 1 2 1 3 4
6995 1 1 1 2 2 3 5
6996 1 1 1 2 1 2 4
6997 1 2 1 2 1 2 4
6998 1 2 1 1 1 2 4
6999 3 1 1 3 2 4 7
7000 1 3 2 2 2 3 6
7001 2 1 1 2 1 3 5
7002 2 2 1 2 1 3 5
7003 1 1 1 1 1 3 4
7004 2 1 1 2 1 3 5
7005 1 1 2 2 1 3 5
7006 1 1 1 1 1 1 3
7007 1 2 2 2 2 2 5
7008 2 2 1 3 3 4 7
7009 2 2 2 2 2 3 6
7010 2 1 2 2 1 3 5
7011 1 0 1 1 2 2 4
7012 2 1 2 2 1 3 5
7013 4 4 3 3 2 4 9
7014 1 1 0 1 1 1 3
7015 3 2 2 2 3 3 7
7016 1 1 2 2 1 3 5
7017 1 1 1 1 2 2 4
7018 2 1 2 2 1 3 5
7019 2 1 1 2 1 3 5
7020 1 1 1 2 2 3 5
7021 0 1 1 2 1 2 4
7022 0 0 1 2 1 2 4
7023 1 1 1 1 1 2 4
7024 2 2 2 3 3 4 6
7025 3 1 2 2 2 4 7
7026 2 1 1 2 1 3 5
7027 1 1 1 2 2 3 5
7028 3 1 1 3 3 4 7
7029 3 3 2 2 2 4 7
7030 2 1 2 2 1 3 5
7031 1 1 1 2 1 2 4
