152 2 2 1 2 3 3 6
151 0 2 2 1 1 1 4
150 2 2 1 2 2 4 6
149 1 1 1 2 1 2 4
148 1 2 1 2 1 2 4
147 2 2 1 2 1 3 5
146 2 1 1 2 1 3 5
145 2 2 1 1 1 2 4
144 1 1 1 1 1 2 3
143 1 2 2 2 2 3 5
142 3 1 1 3 3 4 8
141 3 1 1 2 1 4 6
140 1 1 1 1 1 2 3
139 1 1 1 1 2 2 3
138 1 1 1 1 1 2 4
137 1 1 2 2 2 3 5
136 3 1 1 3 2 4 7
135 1 2 1 2 1 2 4
134 2 1 2 2 1 3 5
133 1 0 1 1 1 1 3
132 2 1 2 2 1 3 5
131 1 2 2 1 2 2 4
130 1 1 1 1 1 1 3
129 3 1 1 2 2 4 6
128 0 1 0 2 1 1 2
127 3 2 1 2 2 4 7
126 0 2 2 1 1 2 4
125 1 1 1 1 1 2 4
124 2 1 1 2 1 3 5
123 3 1 1 3 2 4 7
122 1 1 2 2 1 2 4
121 1 1 2 1 1 2 4
120 2 1 1 1 1 2 4
119 2 2 1 2 1 3 5
118 2 2 1 2 1 3 5
117 1 1 2 1 1 2 4
116 2 2 1 2 2 4 6
115 1 1 1 2 2 3 5
114 0 1 1 1 1 1 3
113 2 3 2 3 2 4 7
112 0 0 1 2 1 2 3
111 2 1 1 2 2 3 6
110 1 2 2 1 1 1 3
109 1 1 1 2 2 3 5
108 1 1 1 2 2 3 5
107 2 2 2 2 2 3 6
106 1 1 1 2 2 3 5
105 0 2 2 1 1 1 4
104 0 1 2 1 1 2 4
103 1 1 1 2 2 2 4
102 0 1 0 2 1 2 3
101 3 1 1 3 3 4 7
100 3 1 2 3 2 4 7
99 3 1 1 3 2 4 6
98 2 2 2 2 2 2 6
97 1 2 1 2 2 3 5
96 1 1 1 2 3 2 4
95 3 3 2 2 2 4 7
94 2 2 1 2 1 3 5
93 2 2 1 2 2 3 6
92 1 1 1 1 1 2 4
91 0 0 0 0 0 1 1
90 0 0 1 2 1 1 3
89 2 2 1 2 1 3 5
88 2 1 1 1 2 2 4
87 1 1 1 2 1 2 4
86 2 2 2 1 1 2 5
85 1 1 1 1 1 1 3
84 3 2 1 3 3 4 7
83 1 1 1 0 1 1 2
82 1 2 1 1 1 2 4
81 2 1 1 2 2 3 5
80 2 1 1 2 2 3 5
79 3 4 3 3 3 4 8
78 2 1 1 1 1 2 4
77 2 3 2 2 1 3 6
76 1 1 1 1 1 2 4
75 3 2 2 3 3 4 7
74 1 1 1 1 1 3 4
73 1 1 1 2 1 2 4
72 1 0 1 1 1 2 4
71 2 1 2 2 2 3 5
70 3 3 2 3 2 4 7
69 3 1 2 2 2 4 7
68 1 1 1 1 1 2 4
67 2 2 1 2 1 2 5
66 2 1 2 2 2 3 6
65 3 1 1 3 2 4 7
64 2 1 1 1 1 1 3
63 0 1 2 2 2 3 5
62 1 2 1 2 1 2 4
61 3 3 3 3 2 4 8
60 1 2 1 1 1 2 4
59 2 1 1 2 2 4 6
58 0 1 1 1 1 1 2
57 3 1 1 3 3 4 8
56 3 2 2 2 2 4 6
55 1 2 1 2 1 2 4
54 1 2 1 1 1 3 5
53 2 1 1 1 1 2 4
52 1 1 1 1 2 2 4
51 1 0 1 1 2 2 4
50 0 1 0 1 1 1 2
49 1 1 1 2 2 2 4
48 1 1 1 2 1 2 4
47 2 3 2 2 2 4 6
46 2 1 1 2 2 4 6
45 0 1 1 1 1 1 3
44 0 0 0 1 1 1 2
43 1 2 1 1 1 2 4
42 1 1 1 1 1 2 4
41 1 1 2 3 2 3 5
40 2 2 1 2 2 3 6
39 3 1 2 3 3 4 7
38 1 1 1 1 1 2 4
37 1 0 1 1 1 1 2
36 1 1 1 2 1 2 4
35 1 1 1 2 2 2 4
34 3 2 2 3 3 4 7
33 3 2 1 2 2 3 7
32 1 1 1 2 2 3 4
31 1 1 1 1 1 1 3
30 1 0 1 1 2 2 4
29 2 2 2 2 1 3 6
28 1 0 1 1 1 2 3
27 3 3 2 1 1 2 5
26 3 1 2 2 1 3 6
25 0 1 2 2 2 3 5
24 2 2 2 3 2 4 6
23 1 1 1 2 1 3 5
22 1 1 1 2 1 3 5
21 0 1 0 0 0 1 2
20 1 1 1 2 2 3 5
19 1 2 2 2 2 2 5
18 1 2 2 2 1 2 5
17 2 2 1 2 1 2 4
16 1 3 2 1 1 2 5
15 3 2 3 2 1 2 5
14 1 1 1 2 1 2 4
13 1 2 1 2 1 2 4
11 3 2 3 3 2 4 7
10 2 1 1 1 1 1 3
9 2 2 2 2 2 4 6
8 0 1 1 1 1 1 2
7 2 2 2 2 1 3 6
6 1 1 1 2 1 2 4
5 1 2 2 1 1 1 3
4 2 2 1 2 2 3 5
3 1 1 1 1 1 2 3
2 2 1 1 2 1 2 4
