302 0 1 1 1 1 2 3
301 2 2 1 2 1 3 5
300 2 1 1 1 1 3 5
299 1 1 2 2 1 2 4
298 2 3 1 2 2 3 6
297 1 1 2 2 2 3 5
296 1 1 1 1 1 2 4
295 0 1 1 1 1 1 2
294 1 1 1 1 1 2 3
293 2 2 2 2 2 3 6
292 1 1 1 1 1 2 3
291 1 2 1 2 1 2 4
290 0 1 2 2 2 2 4
289 2 1 1 2 2 3 5
288 3 2 2 2 2 4 6
287 1 1 1 1 1 2 4
286 1 1 1 1 1 2 4
285 3 1 2 3 3 4 8
284 2 1 1 2 1 3 5
283 2 3 2 2 2 4 6
282 3 3 2 3 2 4 7
281 0 1 0 1 1 1 2
280 2 1 2 2 1 2 5
279 1 1 1 1 1 2 3
278 0 1 3 2 2 3 6
277 1 1 1 2 1 2 4
276 1 0 1 2 2 2 4
275 2 2 2 2 1 3 6
274 0 0 1 1 2 1 3
273 1 1 1 1 1 1 3
272 0 2 1 1 1 1 3
271 1 1 1 2 1 2 3
270 3 3 2 3 2 4 7
269 0 1 1 2 1 2 3
268 0 3 3 1 1 1 4
267 1 0 1 1 1 1 3
266 1 1 2 1 1 2 4
265 3 3 2 3 2 4 8
264 2 2 1 2 1 2 5
263 2 1 1 2 1 3 4
262 1 2 1 2 2 2 5
261 0 0 0 0 0 0 1
260 3 1 1 3 3 4 7
259 3 2 2 3 3 4 6
258 2 2 1 2 3 3 6
257 2 2 1 2 1 3 5
256 1 1 2 2 1 3 5
255 1 2 2 2 3 3 6
254 3 3 3 3 3 4 8
253 3 3 2 2 1 3 6
252 1 2 1 2 2 3 5
251 0 1 0 0 0 0 1
250 1 1 1 1 1 2 4
249 2 2 2 2 1 2 4
248 1 1 1 2 1 2 3
247 1 1 1 2 1 2 4
246 3 3 3 3 2 4 8
245 2 2 2 2 3 4 6
244 1 1 1 2 1 2 3
243 2 1 1 2 3 3 5
242 1 3 0 0 0 1 3
241 0 1 1 1 1 1 3
240 3 1 1 2 2 4 6
239 3 1 1 2 2 4 6
238 1 2 2 1 1 2 4
237 1 1 2 2 1 3 5
236 3 2 2 2 1 3 6
235 0 2 2 1 1 2 4
234 0 0 1 2 1 2 4
233 3 2 2 2 2 2 6
232 0 0 1 1 1 1 2
231 0 1 1 1 1 1 3
230 1 1 1 1 1 2 3
229 1 1 1 1 1 2 3
228 2 1 1 2 1 3 5
227 2 2 1 1 1 2 4
226 1 2 2 2 2 3 5
225 3 1 1 3 3 4 7
224 2 2 1 2 1 3 5
223 0 1 1 1 1 1 3
222 3 3 3 2 2 4 7
221 1 1 1 2 1 2 4
220 2 1 1 2 2 3 6
219 1 1 1 1 1 1 3
218 2 1 2 2 1 3 5
217 1 1 1 2 1 2 4
216 2 2 2 2 2 4 6
215 1 1 2 2 1 2 4
214 3 1 1 3 3 4 8
213 2 1 2 2 2 3 6
212 0 0 1 2 1 2 3
211 1 2 2 2 2 3 5
210 1 0 1 1 1 1 3
209 1 1 1 1 1 2 4
208 0 0 1 2 1 2 4
207 3 3 2 3 3 4 8
206 1 2 2 1 1 2 4
205 0 1 1 2 1 2 4
204 2 2 2 2 2 3 6
203 0 0 1 2 1 3 4
202 3 1 1 3 3 4 7
201 2 2 2 3 3 3 5
200 1 0 1 1 2 2 4
199 1 1 1 2 1 2 4
198 3 3 1 2 2 4 7
197 1 1 2 2 1 3 5
196 1 1 2 2 1 3 5
195 0 1 1 1 1 1 2
194 1 1 1 1 1 2 3
193 0 1 1 1 1 1 2
192 1 1 1 2 2 3 5
191 1 2 1 1 1 2 4
190 2 3 2 2 2 4 7
189 2 1 2 2 1 2 4
188 2 1 1 1 1 3 5
187 3 1 1 3 2 3 6
186 2 2 2 3 3 4 6
185 1 2 1 2 1 2 4
184 2 2 2 2 3 4 7
183 1 2 2 2 2 2 5
182 2 4 3 2 1 3 7
181 1 2 2 1 1 2 4
180 2 1 1 2 1 3 5
179 1 1 2 1 1 2 4
178 2 2 2 2 2 3 6
177 1 2 1 1 1 2 4
176 4 3 3 3 3 4 9
175 1 1 2 2 1 3 4
174 1 2 2 1 1 2 4
173 3 2 3 3 2 4 7
172 1 2 2 1 1 2 5
171 1 1 1 2 1 2 4
170 1 0 1 2 2 2 4
169 1 0 1 1 2 2 4
168 0 1 3 2 2 3 6
167 1 2 2 1 1 1 3
166 1 1 1 2 1 3 4
165 0 0 1 2 1 2 3
164 4 4 4 3 2 4 9
163 0 1 1 2 1 2 3
162 2 1 1 2 1 3 4
161 2 2 1 2 2 3 5
160 2 1 1 2 2 3 5
159 3 1 1 2 2 4 6
158 1 2 2 2 1 3 5
157 1 1 1 1 1 2 3
156 1 1 1 1 1 2 4
155 1 1 2 2 2 3 5
154 1 1 2 2 1 3 5
153 0 1 1 2 1 2 4
