453 2 2 2 2 2 3 6
452 2 2 1 2 1 3 5
451 3 2 1 3 2 3 6
450 3 2 2 2 2 4 7
449 0 1 1 1 0 1 2
448 1 1 1 1 1 2 4
447 3 2 1 2 2 4 7
446 2 2 1 2 1 3 5
445 1 1 2 2 1 2 5
444 1 1 1 1 1 2 4
443 1 2 2 3 2 3 6
442 2 1 1 2 1 3 5
441 1 2 2 1 1 1 3
440 2 1 3 2 1 3 6
439 0 0 1 3 1 2 4
438 2 2 1 2 2 3 6
437 3 3 2 2 2 3 7
436 2 1 1 2 1 3 5
435 0 1 1 2 1 2 4
434 2 2 1 2 1 3 5
433 0 2 2 1 1 2 5
432 2 2 1 2 2 3 5
431 2 1 2 2 1 2 5
430 1 1 1 2 1 2 4
429 1 2 2 2 2 3 5
428 1 1 1 1 1 2 4
427 3 1 1 3 3 4 7
426 0 1 1 3 1 2 4
425 1 3 1 1 1 2 5
424 2 1 1 2 2 3 5
423 3 2 1 3 3 4 7
422 3 2 1 3 1 3 6
421 3 4 3 3 2 3 9
420 1 2 2 2 1 2 5
419 0 1 1 1 0 1 3
418 3 2 1 2 2 4 7
417 3 2 2 3 3 4 7
416 2 1 1 2 2 3 5
415 1 1 1 2 2 3 5
414 0 2 1 1 1 1 3
413 3 2 2 2 2 3 6
412 3 2 1 2 2 4 7
411 4 2 1 4 3 4 8
410 0 1 1 2 1 2 4
409 3 3 2 3 3 4 8
408 1 1 1 1 1 2 4
407 0 2 2 1 1 1 4
406 2 2 2 2 1 3 5
405 2 2 2 2 2 3 5
404 2 2 1 2 2 3 6
403 1 1 1 1 1 1 3
402 2 2 2 2 2 3 6
401 1 1 1 1 1 2 3
400 1 1 1 2 1 3 5
399 0 1 1 1 1 1 2
398 1 2 1 1 1 1 3
397 1 1 1 1 1 2 4
396 0 2 3 2 1 2 5
395 0 1 1 1 1 1 3
394 2 2 2 2 2 3 6
393 1 1 1 1 1 2 4
392 2 2 2 3 2 4 7
391 3 3 3 3 2 4 8
390 0 1 1 1 1 1 2
389 1 2 2 2 2 3 5
388 0 1 1 0 0 0 1
387 1 1 1 2 1 3 5
386 2 3 1 3 3 4 7
385 2 2 1 2 1 3 6
384 1 1 1 1 1 2 4
383 2 1 1 2 1 3 5
382 2 1 1 3 3 3 6
381 2 3 2 2 2 3 6
380 1 2 1 1 1 2 4
379 3 3 2 3 2 4 8
378 3 3 2 2 1 3 6
377 3 2 2 2 2 3 6
375 1 4 4 2 1 3 7
374 0 1 1 1 0 1 3
373 2 2 1 2 2 3 5
372 1 2 1 1 1 3 5
371 2 2 1 2 1 3 5
370 1 1 1 2 1 2 4
369 3 3 2 3 2 4 8
368 3 4 1 2 1 3 7
367 3 2 1 3 2 4 7
366 0 1 1 1 1 1 3
365 0 2 1 1 0 1 3
364 1 1 1 1 1 2 4
363 1 2 1 1 1 2 4
362 2 2 2 2 2 3 6
361 1 1 1 1 1 2 3
360 2 2 1 2 1 3 5
359 1 1 1 1 1 2 4
358 2 1 1 2 1 3 5
357 0 0 1 3 1 2 4
356 2 2 1 2 2 3 5
355 3 1 1 3 3 4 7
354 2 2 2 2 2 3 6
353 1 1 1 1 1 2 3
352 2 1 1 2 1 3 5
351 3 2 2 2 2 3 6
350 4 2 1 4 3 4 8
349 2 2 1 2 1 3 5
348 2 2 1 2 2 3 6
347 4 2 1 4 3 4 8
346 1 1 1 1 1 2 3
345 3 2 1 2 2 3 6
344 2 2 1 2 1 2 4
343 3 2 1 2 2 3 6
342 1 1 1 1 1 2 4
341 1 1 1 1 1 2 4
340 0 1 1 1 1 1 2
339 0 1 2 1 1 2 4
338 2 1 1 2 1 3 5
337 3 3 3 3 2 4 8
336 2 1 1 2 2 3 5
335 0 1 1 1 1 1 2
334 0 1 1 3 1 2 4
333 3 2 2 1 1 3 6
332 2 2 2 2 2 3 6
331 0 0 1 2 1 1 3
330 3 2 1 2 2 4 6
329 1 2 1 1 1 2 4
328 0 0 1 3 1 2 4
327 1 1 1 2 2 3 5
326 1 1 1 1 1 2 4
325 0 1 1 0 0 0 1
324 1 1 1 2 1 2 4
323 2 2 2 2 2 3 6
322 1 1 1 1 1 2 4
321 1 1 1 2 1 2 4
320 2 3 2 2 2 4 7
319 1 2 2 2 2 3 5
318 2 2 1 1 1 2 5
317 2 2 2 2 2 4 6
316 4 2 1 4 3 4 8
315 1 2 1 2 1 2 4
314 1 4 4 2 1 3 8
313 2 1 1 1 2 2 4
312 2 2 2 3 3 4 7
311 2 3 2 2 2 3 6
310 3 2 1 2 1 3 6
309 0 1 1 3 1 3 5
308 3 3 1 2 1 3 6
307 4 3 3 3 3 4 9
306 2 1 1 2 1 3 5
305 1 1 1 1 1 2 3
304 0 0 1 1 0 1 2
303 1 1 1 1 1 1 3
