603 2 2 1 2 2 3 5
602 1 2 1 2 1 2 4
601 3 2 1 2 2 4 7
600 2 2 1 2 1 2 5
599 3 2 2 2 2 3 6
598 2 2 1 2 2 3 6
597 1 2 2 1 1 2 4
596 3 3 1 2 2 3 6
595 1 3 2 1 1 2 5
594 1 1 1 1 1 2 4
593 3 2 1 3 2 4 7
592 1 1 1 1 1 1 3
591 2 2 2 3 2 4 6
590 1 1 1 1 1 2 4
589 3 2 3 3 2 4 7
588 2 2 2 2 2 3 6
587 0 1 1 2 1 2 3
586 1 2 1 1 1 2 4
585 1 1 1 1 1 2 3
584 1 1 1 1 1 2 4
583 0 0 1 1 0 0 2
582 2 1 1 1 1 1 3
581 3 3 1 2 1 3 6
580 0 1 1 1 1 2 3
579 0 1 1 1 1 1 2
578 1 1 1 2 2 3 5
577 4 2 2 4 3 4 8
576 4 4 1 3 2 4 8
575 0 1 1 1 1 1 2
574 1 1 2 2 1 3 5
573 1 2 2 2 1 2 5
572 1 2 1 2 1 2 4
571 0 1 1 1 0 1 2
570 1 1 1 1 1 2 4
569 2 2 2 2 2 3 6
568 3 2 1 3 3 4 8
567 1 3 3 2 1 3 6
566 4 2 1 4 3 4 8
565 1 2 1 1 1 2 4
564 2 1 1 3 3 3 6
563 1 1 1 2 1 2 4
562 2 3 2 2 1 2 5
561 0 0 1 3 1 2 4
560 0 1 1 1 0 1 2
559 0 0 1 2 1 1 3
558 2 2 1 2 2 3 5
557 2 2 2 2 2 3 6
556 3 3 1 2 2 4 7
555 2 2 1 2 1 2 5
554 2 2 2 2 2 3 6
553 1 1 1 1 0 0 1
552 2 2 2 2 1 3 6
551 1 1 1 2 1 2 4
550 1 2 1 1 1 2 4
549 1 1 2 2 1 2 4
548 2 2 2 2 1 3 6
547 2 2 2 2 1 3 5
546 0 1 1 3 1 2 4
545 2 2 2 2 1 3 5
544 1 1 1 1 1 1 3
543 0 0 1 3 1 2 4
542 2 2 1 2 2 3 5
541 0 1 1 0 0 1 2
540 2 2 1 2 1 3 5
539 1 2 2 1 1 2 5
538 3 2 1 3 2 4 7
537 4 2 1 4 3 4 8
536 3 3 3 2 1 3 7
535 2 2 1 2 1 3 5
534 0 1 1 2 1 2 4
533 2 2 1 2 1 2 4
532 1 1 1 1 1 2 4
531 0 1 2 1 1 1 3
530 1 2 2 1 2 2 5
529 1 2 1 1 1 2 4
528 1 1 1 1 1 1 3
527 0 0 1 1 0 0 1
526 2 2 2 2 1 3 6
525 0 1 1 0 0 0 1
524 0 1 1 1 1 1 3
523 0 1 1 1 1 2 3
522 0 1 1 0 0 0 1
521 1 2 1 2 2 2 5
520 2 2 1 2 1 3 5
519 1 1 1 1 1 1 3
518 1 2 1 2 2 3 5
517 1 2 2 1 1 2 5
516 1 1 1 2 2 3 5
515 0 3 1 1 2 2 5
514 1 1 1 2 1 2 4
513 1 1 1 1 1 2 4
512 1 1 2 2 2 3 5
511 3 3 1 2 1 3 6
510 3 2 1 2 2 4 7
509 3 3 1 2 2 4 7
508 1 1 1 2 2 3 5
507 1 1 1 2 2 2 4
506 0 1 1 2 1 2 4
505 3 3 2 3 2 4 7
504 3 2 1 3 3 4 8
503 0 1 1 0 0 0 1
502 1 1 1 2 1 2 4
501 3 2 1 2 2 4 7
500 1 1 1 1 1 2 4
499 2 1 1 2 2 3 5
498 1 1 1 1 1 1 3
497 3 2 1 2 2 4 7
496 1 1 1 2 1 2 4
495 2 1 1 2 1 2 4
494 2 1 2 2 2 3 5
493 0 1 1 1 1 1 2
492 0 2 2 1 1 2 5
491 0 3 3 1 1 1 3
490 1 1 1 2 2 2 4
489 2 2 2 1 1 2 5
488 2 1 1 2 1 3 5
487 1 1 1 2 1 3 5
486 3 2 1 3 3 4 7
485 2 2 1 2 2 3 5
484 3 3 3 3 2 4 8
483 0 0 1 3 1 2 4
482 1 2 1 1 1 2 4
481 1 1 2 2 2 3 5
480 1 1 1 2 1 2 4
479 0 0 1 2 1 1 3
478 2 1 1 2 1 3 5
477 0 1 1 1 1 1 3
476 1 1 1 1 1 2 3
475 0 1 1 1 1 1 2
474 1 1 1 1 1 2 3
473 3 3 2 3 2 4 8
472 3 3 1 2 1 3 6
471 4 2 1 4 3 4 8
470 2 1 1 2 2 3 5
469 0 1 1 1 1 1 2
468 1 2 1 1 1 2 4
467 4 3 2 3 3 4 9
466 1 1 1 1 1 2 4
465 1 1 3 2 2 3 6
464 1 1 1 1 1 2 4
463 2 2 1 2 2 3 5
462 0 1 1 0 0 1 2
461 2 2 1 2 2 3 5
460 0 1 2 2 1 3 5
459 2 1 1 2 1 3 5
458 3 3 3 2 2 4 8
457 3 2 1 3 2 4 7
456 2 2 1 2 2 3 5
455 1 1 1 1 1 2 4
454 3 2 3 2 2 3 7
