753 1 2 1 2 1 2 4
752 2 2 2 3 2 4 6
751 3 3 2 3 2 4 8
750 2 1 1 2 2 3 5
749 0 0 1 1 0 1 2
748 1 4 3 1 1 3 7
747 3 4 2 1 1 2 6
746 3 1 2 3 3 4 7
745 2 2 1 2 2 3 6
744 2 1 2 1 1 2 5
743 1 1 1 2 1 2 4
742 0 1 2 1 1 2 4
741 2 2 1 2 1 3 5
740 1 1 1 1 1 1 3
739 2 2 2 2 1 2 5
738 3 2 1 3 3 4 8
737 0 1 1 3 1 2 4
736 2 2 1 1 1 1 3
735 3 2 1 3 3 4 7
734 2 2 1 2 2 3 6
733 3 2 1 2 2 3 6
732 1 2 2 1 1 2 5
731 1 2 2 1 1 2 5
730 1 3 2 2 1 2 5
729 0 0 1 3 1 2 4
728 2 2 1 2 2 3 5
727 1 1 1 1 1 0 2
726 2 1 1 2 1 3 5
725 1 1 1 2 1 2 4
724 2 2 2 3 2 3 6
723 1 1 1 1 1 2 4
722 3 2 1 3 2 4 7
721 2 1 1 1 1 3 5
720 1 1 1 1 1 2 3
719 2 1 2 2 1 3 5
718 0 1 1 1 1 1 2
717 0 0 1 3 1 2 4
716 2 2 1 2 2 3 6
715 2 1 1 2 2 3 5
714 1 1 1 1 1 2 4
713 0 0 1 1 0 0 1
712 1 1 1 1 2 2 4
711 2 2 2 2 2 3 6
710 1 1 1 2 1 2 3
709 2 3 2 2 1 3 6
708 1 1 1 1 1 2 3
707 1 1 1 1 1 1 2
706 1 1 1 1 1 1 3
705 2 2 1 2 1 2 5
704 0 0 1 3 1 2 4
703 2 1 1 2 2 3 6
702 1 1 1 1 1 2 4
701 1 1 1 1 1 1 3
700 1 1 1 2 2 2 4
699 2 2 2 2 1 3 5
698 1 1 1 1 1 1 3
697 1 2 1 2 1 2 4
696 0 2 1 3 2 3 6
695 1 1 1 2 2 2 4
694 1 1 2 2 1 3 5
693 2 2 2 2 2 3 6
692 2 2 2 2 1 3 5
691 1 1 1 1 1 2 4
690 3 3 3 3 2 4 8
689 0 2 2 1 0 1 2
688 2 1 1 2 1 2 4
687 1 1 1 2 1 2 3
686 2 2 2 1 1 2 5
685 3 3 1 3 2 4 8
684 2 1 1 1 1 2 5
683 1 1 1 2 1 2 4
682 1 2 1 1 1 2 4
681 3 2 1 3 2 4 7
680 3 3 2 3 2 4 7
679 1 1 1 2 1 3 5
678 1 1 1 1 1 2 4
677 2 1 2 2 1 3 5
676 2 2 2 2 2 3 5
675 2 2 2 2 2 3 6
674 1 1 1 2 1 2 4
673 1 1 1 1 1 1 3
672 2 1 1 3 3 3 6
671 2 2 2 2 2 2 5
670 2 2 1 2 2 3 6
669 2 3 2 2 1 2 5
668 2 1 1 2 1 3 5
667 1 2 2 1 1 2 5
666 0 2 2 1 1 2 5
665 1 1 1 1 1 2 4
664 1 1 1 1 1 1 3
663 2 2 1 2 1 2 4
662 2 1 1 2 1 2 4
661 3 2 1 2 1 3 6
660 0 1 1 1 0 1 2
659 2 2 1 2 2 3 5
658 2 1 1 2 2 3 5
657 1 2 2 2 1 3 5
656 0 1 1 1 0 1 2
655 0 1 2 1 1 1 3
654 2 2 1 2 1 3 6
653 1 2 1 2 1 2 4
652 1 1 2 2 1 2 4
651 1 1 1 1 1 1 3
650 3 3 3 3 3 4 8
649 0 0 1 1 0 0 1
648 2 2 1 2 1 3 5
647 2 2 1 2 1 3 5
646 2 1 2 2 1 2 5
645 3 2 2 3 3 4 8
644 2 2 2 2 1 2 5
643 3 2 1 3 2 4 7
642 4 4 2 3 2 4 9
641 0 1 1 1 0 1 2
640 4 2 1 4 3 4 8
639 1 1 1 1 1 1 3
638 1 1 1 1 1 1 3
637 1 1 1 1 1 2 4
636 1 3 1 1 1 3 6
635 0 0 1 2 1 2 4
634 2 2 2 2 2 3 6
633 1 2 1 1 1 2 4
632 2 2 2 2 1 2 5
631 3 3 2 2 1 3 7
630 2 1 2 2 1 2 4
629 1 2 2 2 1 2 5
628 1 2 2 2 2 3 5
627 2 2 1 2 2 3 5
626 0 1 1 0 0 0 1
625 0 1 1 1 1 1 2
624 1 2 1 1 1 2 4
623 1 1 2 2 1 2 4
622 0 1 1 2 1 2 4
621 2 1 1 2 1 3 5
620 2 3 2 2 1 3 6
619 2 1 2 2 1 2 5
618 0 1 2 2 1 3 5
617 2 2 2 3 2 3 6
616 3 3 2 3 2 4 8
615 1 1 1 2 2 3 5
614 1 2 2 1 1 2 4
613 0 1 1 1 1 2 3
612 1 1 1 1 1 2 4
611 3 2 3 2 1 3 7
610 1 2 2 1 1 2 4
609 2 2 1 3 2 3 6
608 2 2 2 2 2 3 6
607 1 1 1 2 1 2 4
606 3 3 2 3 2 4 8
605 0 1 1 1 0 1 2
604 0 1 1 1 0 1 2
