904 2 2 1 2 2 3 5
903 2 2 2 2 2 3 6
902 0 1 0 0 0 0 1
901 2 2 1 2 2 3 5
900 2 2 1 2 2 3 6
899 2 2 2 2 2 3 6
898 2 3 3 2 2 4 7
897 1 2 1 1 1 2 4
896 2 2 2 2 2 3 5
895 1 2 1 2 1 2 5
894 3 3 3 3 3 4 8
893 1 1 2 2 2 2 4
892 3 2 2 2 2 3 6
891 1 1 1 1 1 2 4
890 1 2 1 1 1 2 4
889 2 2 1 1 1 2 4
888 3 2 1 3 2 4 7
887 2 1 1 1 1 2 4
886 2 2 2 2 2 2 5
885 2 2 2 2 3 3 5
884 1 2 2 1 2 2 5
883 0 1 2 2 2 2 4
882 3 3 1 2 3 3 7
881 2 2 1 2 2 3 5
880 2 3 1 3 3 3 6
879 2 2 1 2 2 2 5
878 3 4 3 2 2 3 7
877 1 1 1 2 1 2 4
876 3 2 2 2 2 4 6
875 1 2 1 2 1 2 4
874 3 2 1 1 2 3 6
873 2 1 1 2 2 3 5
872 2 2 2 1 1 2 4
871 3 4 3 2 2 4 8
870 3 4 3 1 2 3 7
869 0 1 0 0 0 1 2
868 3 2 2 2 2 3 6
867 2 3 1 2 2 3 6
866 3 3 2 1 1 2 5
865 2 2 2 2 2 3 5
864 3 3 2 3 3 4 8
863 1 1 1 1 1 2 4
862 2 2 1 2 2 3 6
861 1 1 1 1 1 1 3
860 3 2 1 3 2 4 7
859 1 1 1 2 1 2 4
858 3 3 3 2 2 4 7
857 2 2 1 2 2 3 6
856 2 2 1 2 1 2 4
855 2 2 1 2 1 2 4
854 2 2 1 2 2 3 5
853 2 2 1 2 2 3 5
852 2 2 1 2 2 3 5
851 3 2 2 2 2 3 6
850 1 2 2 1 1 2 5
849 2 2 1 2 2 3 5
848 3 4 1 3 2 4 8
847 1 1 1 1 1 1 3
846 2 2 1 2 2 3 5
845 2 2 1 2 2 3 5
844 2 2 1 2 2 3 5
843 0 1 2 1 1 2 4
842 1 1 1 1 1 2 3
841 1 2 1 1 2 2 4
840 1 2 2 1 2 3 5
839 2 1 1 2 3 3 5
838 1 1 2 2 2 3 5
837 1 1 1 2 1 2 4
836 2 2 1 2 2 3 6
835 2 2 1 2 2 3 5
834 1 1 1 1 1 1 3
833 2 2 1 2 2 3 5
832 2 3 1 1 1 2 5
831 0 1 0 0 0 1 2
830 2 2 1 2 2 3 5
829 1 2 1 2 2 2 4
828 2 2 2 2 2 3 5
827 2 3 2 1 1 2 5
826 1 1 1 2 1 2 4
825 2 2 1 2 2 3 5
824 2 2 1 2 1 2 5
823 1 2 1 2 1 2 4
822 2 2 1 2 2 3 5
821 2 2 1 2 1 3 5
820 3 2 1 3 2 4 7
819 2 3 2 2 2 3 6
818 0 1 1 0 1 1 3
817 3 3 2 2 2 3 6
816 2 2 2 2 3 3 6
815 2 3 2 2 2 3 7
814 0 1 0 0 1 1 2
813 2 2 1 2 1 3 5
812 2 2 1 2 2 3 5
811 3 3 2 2 2 3 6
810 2 2 2 1 2 3 5
809 2 2 1 1 1 3 5
808 1 1 1 1 2 2 4
807 2 1 1 2 2 3 5
806 3 3 1 2 2 3 6
805 1 2 2 2 1 2 4
804 3 3 3 3 3 4 8
803 3 3 1 3 2 4 7
802 2 3 1 2 2 3 6
801 2 2 1 2 2 3 6
800 2 2 1 1 1 2 5
799 1 1 1 2 1 2 3
798 2 2 1 1 1 2 5
797 2 3 2 2 2 3 6
796 1 1 1 1 1 1 3
795 1 1 1 2 2 2 4
794 1 1 2 1 1 2 4
792 2 1 1 2 2 3 5
791 3 3 2 2 2 3 6
790 1 2 1 1 1 2 4
789 2 2 1 2 1 3 5
788 2 1 1 2 1 2 4
787 1 3 2 2 2 2 5
786 2 2 2 2 2 3 6
785 2 3 2 2 2 3 6
784 2 1 2 2 2 3 5
783 2 2 1 2 1 3 5
782 1 1 2 2 1 3 5
781 1 1 2 2 2 3 5
780 1 2 2 2 2 2 5
779 0 1 1 1 1 1 3
778 2 2 1 2 1 3 5
777 2 2 3 2 2 3 6
776 1 2 1 2 2 2 4
775 1 1 2 1 1 2 4
774 2 2 2 2 2 3 6
773 0 1 1 1 1 1 3
772 2 1 1 2 1 3 5
771 1 2 1 2 1 2 4
770 3 4 2 3 2 3 8
769 2 2 1 2 2 3 5
768 0 1 1 0 1 1 2
767 2 2 1 2 1 3 5
766 3 2 1 3 2 4 6
765 2 3 1 2 1 3 6
764 1 2 1 2 1 2 4
763 1 1 1 2 2 3 5
762 1 1 1 2 2 2 4
761 2 2 1 2 2 3 6
760 2 2 1 2 1 3 5
759 1 1 1 1 1 2 3
758 1 1 1 2 1 2 3
757 2 2 2 2 2 3 5
756 2 2 1 2 2 3 5
755 3 2 1 2 2 4 7
754 2 2 1 2 3 3 5
