1054 1 1 1 1 1 1 3
1053 2 2 2 2 2 3 5
1052 1 1 1 2 2 2 4
1051 2 3 2 2 2 3 6
1050 0 1 2 2 2 3 5
1049 2 2 1 2 2 3 5
1048 1 1 1 1 1 1 3
1047 2 1 1 2 2 3 6
1046 1 2 1 1 1 2 4
1045 2 2 1 2 2 4 6
1044 3 4 2 3 2 4 8
1043 1 1 1 2 2 2 4
1042 2 2 2 2 2 3 6
1041 1 2 1 2 2 3 5
1040 1 2 2 2 2 2 4
1039 1 1 2 1 1 2 4
1038 2 3 2 2 2 3 6
1037 2 2 1 1 1 2 4
1036 0 1 1 0 0 0 1
1035 1 1 1 2 1 2 4
1034 1 3 1 1 1 1 4
1033 1 3 2 2 2 3 6
1032 1 2 1 1 1 2 4
1031 2 2 2 2 2 3 5
1030 3 2 2 2 2 4 7
1029 0 1 2 2 1 2 4
1028 1 1 1 1 1 2 3
1027 2 2 1 2 1 2 4
1026 2 2 1 2 2 3 5
1025 2 2 1 2 2 3 6
1024 1 1 1 2 1 2 3
1023 0 1 0 0 0 0 1
1022 3 4 3 2 2 3 7
1021 1 3 2 2 1 2 5
1020 1 1 2 1 1 1 3
1019 1 1 0 1 1 1 2
1018 1 1 1 1 1 2 3
1017 1 1 1 1 1 2 3
1016 3 3 2 2 2 3 6
1015 2 3 2 2 1 3 6
1014 1 2 1 2 1 2 4
1013 2 2 2 2 2 3 5
1012 2 2 1 2 1 3 5
1011 3 4 2 2 2 4 8
1010 1 1 0 1 1 2 3
1009 2 2 1 2 2 3 6
1008 1 1 1 1 1 2 4
1007 2 2 1 2 1 2 4
1006 2 2 1 2 2 3 6
1005 2 2 1 2 2 3 5
1004 1 1 1 1 1 1 2
1003 0 1 1 1 1 1 3
1002 1 2 1 2 1 2 4
1001 2 3 2 3 2 3 6
1000 1 1 1 2 1 2 3
999 2 2 1 2 2 3 6
998 1 2 2 2 1 2 5
997 1 1 1 1 1 2 4
996 1 1 1 2 1 2 4
995 2 2 1 2 2 3 5
994 4 4 4 3 3 4 9
993 2 1 1 2 1 3 5
992 0 1 1 1 1 1 3
991 0 1 1 2 1 2 4
990 1 2 1 2 1 2 4
989 3 3 2 2 2 3 6
988 3 2 1 2 2 4 6
987 1 1 1 2 1 2 4
986 2 3 1 2 2 3 6
985 0 1 2 2 1 2 5
984 3 3 2 3 2 3 7
983 3 2 2 2 2 3 6
982 0 1 1 2 1 2 4
981 3 2 1 3 2 4 6
980 1 1 1 1 1 2 3
979 1 2 1 1 1 2 4
978 1 2 2 2 1 2 4
977 3 3 2 2 2 3 6
976 2 4 3 3 2 4 8
975 3 2 1 2 2 3 6
974 3 2 1 3 2 4 7
973 2 2 1 1 1 3 5
972 2 2 1 2 3 3 6
971 2 2 1 1 2 2 5
970 2 2 1 2 2 3 5
969 1 2 0 2 1 1 3
968 2 2 1 2 2 3 6
967 2 2 1 2 2 3 5
966 1 2 1 1 2 2 4
965 0 1 1 0 0 1 2
964 1 3 2 2 2 2 5
963 2 2 2 2 2 3 5
962 2 2 1 2 2 3 5
961 2 2 1 2 2 3 6
960 2 3 3 1 2 2 6
959 1 1 1 2 2 2 4
958 3 3 1 2 2 4 7
957 2 2 1 2 1 2 4
956 3 3 1 3 3 4 7
955 2 2 2 2 2 3 5
954 1 2 2 1 2 2 5
953 3 2 1 2 2 4 6
952 0 1 1 1 1 1 3
951 2 3 2 2 1 2 5
950 1 2 2 2 1 2 4
949 4 4 2 3 2 4 8
948 1 1 1 1 1 2 4
947 1 1 1 1 1 1 3
946 0 1 2 1 1 1 4
945 1 1 1 1 1 2 4
944 1 1 1 2 2 2 4
943 3 2 2 2 2 4 6
942 1 1 1 2 2 2 4
941 0 1 1 2 1 3 5
940 0 0 1 2 1 2 3
939 3 3 1 3 3 3 6
938 1 1 1 1 1 2 3
937 1 1 1 2 1 2 4
936 3 2 1 3 2 4 7
935 0 2 1 1 1 1 3
934 1 1 1 1 1 2 3
933 1 1 1 2 2 2 4
932 3 2 2 3 2 4 7
931 2 2 1 2 1 2 4
930 2 2 2 2 3 3 6
929 1 2 1 1 1 2 4
928 1 2 1 1 1 2 4
927 0 2 2 1 1 2 5
926 0 1 0 0 0 0 1
925 1 1 1 1 1 2 3
924 1 1 1 2 2 3 5
923 3 3 2 2 2 1 5
922 0 0 1 2 1 2 3
921 1 2 2 2 2 3 5
920 2 3 1 2 1 2 5
919 3 2 1 3 2 4 7
918 1 2 1 1 2 2 4
917 2 2 1 2 2 3 5
916 0 0 1 2 1 1 3
915 1 2 2 2 1 2 5
914 2 2 1 2 1 3 5
913 2 2 1 2 2 3 5
912 2 2 1 2 2 3 6
911 3 2 2 2 2 3 6
910 2 2 1 1 1 2 4
909 2 3 3 3 2 4 7
908 2 1 1 2 1 3 5
907 1 1 2 2 1 2 5
906 0 1 1 1 1 1 3
905 2 2 1 2 2 3 6
