1204 2 2 2 2 2 3 5
1203 3 3 3 3 3 4 8
1202 2 2 1 2 1 3 5
1201 0 1 1 1 1 1 2
1200 2 2 1 2 1 3 5
1199 2 3 2 3 2 3 7
1198 2 2 2 2 2 3 5
1197 0 1 2 2 1 2 4
1196 2 1 1 1 1 2 4
1195 2 2 2 2 2 3 5
1194 2 3 2 2 3 3 6
1193 3 2 1 2 2 4 6
1192 0 0 1 2 1 2 3
1191 2 2 1 1 1 2 4
1190 1 2 1 2 1 2 4
1189 1 1 1 2 1 2 3
1188 1 2 1 2 1 2 4
1187 2 1 1 1 1 2 4
1186 2 2 1 2 1 2 5
1185 1 1 1 3 2 3 5
1184 2 3 1 2 2 3 6
1183 1 2 2 2 1 2 4
1182 0 1 0 0 1 1 2
1181 1 2 1 1 1 2 4
1180 1 2 1 1 1 2 3
1179 2 1 1 1 1 3 5
1178 2 2 1 2 1 2 4
1177 2 2 1 2 2 3 5
1176 1 2 2 2 2 2 4
1175 2 2 1 2 2 3 6
1174 2 3 2 2 2 3 6
1173 2 1 1 2 2 3 5
1172 0 1 1 2 1 2 3
1171 1 1 1 2 1 2 4
1170 1 1 1 1 1 2 4
1169 1 2 2 1 1 2 4
1168 1 2 1 1 1 2 4
1167 2 2 1 2 1 3 5
1166 1 2 2 1 1 2 4
1165 1 1 1 2 1 2 4
1164 1 2 1 2 2 3 5
1163 2 2 2 2 3 3 6
1162 1 2 1 1 1 2 4
1161 2 2 1 2 2 3 5
1160 3 2 1 3 2 4 7
1159 2 2 1 2 2 3 6
1158 1 1 1 1 1 2 4
1157 3 3 1 3 3 3 6
1156 2 1 1 2 1 2 4
1155 2 2 2 2 1 2 5
1154 2 2 1 2 2 3 5
1153 1 1 1 2 1 2 3
1152 2 2 1 2 1 2 4
1151 1 1 1 2 1 2 4
1150 2 2 2 2 2 3 5
1149 1 2 1 1 1 2 4
1148 4 4 3 3 2 4 8
1147 2 3 3 3 2 4 7
1146 2 1 1 2 1 2 4
1145 2 2 2 2 2 3 6
1144 2 1 1 2 2 3 5
1143 2 2 2 1 1 2 5
1142 0 1 1 1 1 1 2
1141 1 1 1 2 1 2 4
1140 1 1 1 1 1 2 3
1139 1 1 1 1 1 2 3
1138 0 1 1 2 1 2 4
1137 1 1 1 2 2 2 4
1136 1 1 1 1 2 2 4
1135 2 3 1 2 2 3 6
1134 0 1 2 2 1 2 4
1133 2 2 1 2 2 3 6
1132 1 2 1 1 1 2 4
1131 2 3 2 2 2 2 5
1130 0 0 1 1 1 1 2
1129 1 1 1 1 1 2 3
1128 2 4 3 2 2 4 8
1127 2 2 1 2 2 2 4
1126 3 3 1 3 3 3 6
1125 0 0 1 1 1 1 2
1124 2 2 1 2 1 2 5
1123 2 2 2 3 3 3 6
1122 2 4 3 2 2 3 7
1121 3 2 1 4 3 4 7
1120 2 2 1 2 2 3 5
1119 2 2 2 2 2 3 6
1118 3 2 1 2 2 3 6
1117 2 2 1 2 2 3 6
1116 3 3 1 2 2 4 7
1115 1 2 1 2 1 2 4
1114 1 1 1 1 1 2 4
1113 0 1 1 2 1 2 3
1112 2 2 2 2 2 3 5
1111 0 1 2 2 2 2 4
1110 2 2 1 2 1 3 5
1109 1 1 1 1 1 1 2
1108 0 1 1 2 1 2 3
1107 2 2 1 1 1 2 4
1106 1 1 2 1 1 2 4
1105 1 2 1 2 1 2 4
1104 2 2 1 1 1 2 4
1103 0 1 1 2 1 2 4
1102 4 4 2 3 2 4 9
1101 1 1 1 2 1 2 4
1100 2 2 2 2 1 2 5
1099 0 1 2 2 1 2 4
1098 0 1 1 2 1 2 3
1097 1 1 2 2 2 2 4
1096 1 1 1 1 2 2 4
1095 1 1 1 2 2 3 5
1094 1 3 2 2 1 2 5
1093 1 1 1 1 1 2 3
1092 3 3 2 2 2 2 6
1091 0 1 1 1 1 1 2
1090 2 2 1 2 1 3 5
1089 1 1 1 2 1 2 3
1088 2 2 2 2 2 3 5
1087 3 2 2 2 1 3 6
1086 2 1 1 1 1 2 4
1085 1 1 2 1 1 1 3
1084 2 3 2 2 2 3 6
1083 3 2 1 3 2 4 7
1082 1 1 1 2 2 2 4
1081 0 0 0 0 0 0 1
1080 1 1 1 1 1 1 2
1079 1 1 1 1 1 1 3
1078 2 3 2 2 2 3 6
1077 1 1 1 2 1 2 4
1076 3 3 1 2 1 3 6
1075 2 3 2 2 1 3 6
1074 1 1 1 1 1 1 3
1073 1 2 1 2 1 2 4
1072 1 1 1 2 1 2 4
1071 3 4 1 3 2 2 7
1070 2 2 1 2 2 3 5
1069 3 2 1 3 3 4 7
1068 2 2 3 2 2 3 6
1067 2 2 1 2 2 3 5
1066 0 1 2 2 1 2 4
1065 2 2 1 2 1 3 5
1064 2 2 2 2 2 3 5
1063 2 3 1 2 2 3 6
1062 2 3 1 2 2 3 6
1061 2 2 1 2 1 3 5
1060 1 3 2 1 1 1 4
1059 1 2 1 2 2 3 5
1058 2 2 1 2 1 3 5
1057 1 2 1 2 1 2 4
1056 2 2 2 2 2 3 5
1055 0 0 1 1 1 1 2
