1355 3 3 2 3 2 4 8
1354 1 2 1 1 1 2 4
1353 2 1 1 2 2 3 5
1352 3 2 2 3 2 3 7
1351 3 3 2 2 2 4 7
1350 3 3 3 3 2 4 8
1349 2 1 1 2 2 3 5
1348 3 3 2 2 2 3 6
1347 1 1 1 1 1 2 3
1346 3 2 2 3 2 4 6
1345 3 3 3 3 2 4 8
1344 2 1 2 2 2 3 5
1343 2 1 0 1 1 1 3
1341 3 3 2 2 2 4 7
1340 2 1 1 2 2 3 5
1339 1 1 1 2 2 2 4
1338 2 1 1 2 1 2 4
1337 2 2 1 2 2 3 5
1336 2 2 1 2 2 2 5
1335 1 2 2 1 2 2 4
1334 1 1 1 2 2 2 4
1333 2 2 1 2 2 3 5
1332 2 2 2 2 2 3 5
1331 2 2 1 2 2 3 5
1330 1 2 1 1 2 3 5
1329 0 0 1 2 1 2 3
1328 2 2 1 2 2 3 6
1327 1 1 0 1 1 1 2
1326 3 2 2 3 3 4 8
1325 1 1 1 1 1 2 4
1324 3 2 1 3 1 3 6
1323 3 3 2 3 2 4 7
1322 0 0 1 2 1 2 3
1321 3 2 1 1 1 2 5
1320 2 2 2 2 2 3 6
1319 2 1 1 3 2 3 6
1318 2 2 1 2 2 3 5
1317 1 1 2 2 1 2 4
1316 4 4 1 2 1 3 7
1315 0 0 1 2 1 2 3
1314 1 2 1 1 1 2 3
1313 1 1 2 1 1 1 3
1312 2 2 2 2 2 3 6
1311 3 2 2 4 3 4 8
1310 2 3 2 2 2 4 7
1309 3 2 2 2 2 3 6
1308 3 2 2 2 2 3 6
1307 1 1 1 2 1 2 3
1306 1 3 2 1 1 2 5
1305 1 2 1 1 1 2 4
1304 2 2 1 2 1 2 5
1303 2 1 1 2 2 3 5
1302 3 3 2 3 2 4 7
1301 2 2 2 2 2 3 6
1300 0 1 1 1 1 1 3
1299 0 0 1 2 1 2 3
1298 1 1 1 2 1 2 3
1297 1 1 1 1 1 2 3
1296 2 2 2 2 2 3 6
1295 3 2 1 3 2 4 7
1294 3 2 1 2 2 3 6
1293 2 2 2 3 2 3 6
1292 3 2 2 3 3 3 7
1291 3 3 2 3 2 4 7
1290 2 1 1 3 3 4 7
1289 2 2 1 2 2 3 5
1288 2 2 2 2 2 3 6
1287 3 2 1 3 2 4 7
1286 2 2 1 1 1 2 4
1285 1 3 2 1 1 2 5
1284 2 1 1 2 2 3 5
1283 3 3 3 3 2 4 8
1282 2 2 1 2 2 3 5
1281 1 2 1 1 1 2 4
1280 2 1 1 2 3 3 5
1279 3 2 2 2 2 3 6
1278 1 1 1 2 1 2 4
1277 2 1 1 2 2 4 6
1276 2 1 1 2 1 3 5
1275 3 2 2 3 2 3 6
1274 2 3 2 2 2 3 6
1273 3 2 2 3 2 4 7
1272 2 2 1 2 2 3 6
1271 0 0 1 2 1 2 3
1270 4 3 2 3 2 4 8
1269 2 2 1 1 1 2 4
1268 1 2 1 2 2 3 5
1267 0 3 2 1 1 2 4
1266 3 2 2 3 3 4 8
1265 3 2 2 4 2 4 7
1264 3 3 2 3 2 4 8
1263 2 1 1 2 2 3 5
1262 1 1 1 1 1 2 4
1261 1 1 1 1 1 1 3
1260 0 0 1 2 1 2 3
1259 2 2 2 2 2 3 5
1258 2 1 1 2 1 3 5
1257 2 2 2 2 2 3 6
1256 3 3 3 2 1 3 7
1255 1 1 1 1 1 2 4
1254 2 1 1 2 1 2 4
1253 2 2 1 2 1 2 4
1252 1 1 1 2 1 2 4
1251 2 1 1 2 1 2 4
1250 2 3 2 2 2 3 6
1249 1 1 1 2 1 2 3
1248 3 3 2 2 2 3 7
1247 1 1 1 1 1 2 3
1246 0 0 1 2 1 2 3
1245 1 1 1 1 1 1 3
1244 3 2 1 3 2 4 7
1243 3 2 2 3 2 4 7
1242 1 1 1 1 1 2 3
1241 3 2 1 2 1 3 6
1240 0 1 0 0 1 1 2
1239 1 2 2 2 1 2 4
1238 0 3 3 2 1 3 6
1237 2 3 3 3 2 4 7
1236 3 2 1 3 3 4 7
1235 1 1 1 2 1 2 4
1234 1 2 2 2 1 3 5
1233 1 1 1 2 2 3 5
1232 0 0 1 3 2 2 4
1231 2 1 1 2 2 3 6
1230 1 1 1 1 1 1 3
1229 3 2 1 4 3 4 8
1228 3 3 2 3 3 4 8
1227 3 2 1 2 2 3 6
1226 1 1 1 2 1 2 3
1225 1 1 1 1 1 2 4
1224 2 2 1 2 1 2 5
1223 1 2 1 2 2 3 5
1222 1 1 1 2 1 2 4
1221 3 3 1 3 2 4 7
1220 2 2 1 2 2 3 5
1219 2 3 3 3 2 4 7
1218 1 2 1 2 2 2 5
1217 1 1 1 1 1 2 4
1216 0 0 1 2 1 2 3
1215 3 2 2 3 2 3 7
1214 3 2 2 3 3 4 8
1213 3 3 2 2 1 3 6
1212 1 1 1 1 1 2 3
1211 0 1 1 1 1 1 3
1210 1 2 1 2 1 2 4
1209 2 1 1 2 2 3 5
1208 1 1 1 1 1 2 3
1207 1 2 1 1 1 2 4
1206 1 1 1 2 1 3 4
1205 2 2 2 2 1 2 5
