1505 2 3 2 2 2 4 7
1504 3 2 1 4 3 4 8
1503 1 1 1 1 1 2 3
1502 1 1 1 2 1 2 4
1501 2 1 1 2 2 3 5
1500 3 2 1 3 3 4 8
1499 1 1 1 1 1 2 3
1498 2 2 2 2 1 3 5
1497 3 2 1 2 1 3 6
1496 2 2 2 2 1 3 5
1495 2 2 1 1 1 3 5
1494 2 1 1 2 2 3 5
1493 2 1 1 2 2 3 5
1492 0 1 0 1 1 1 2
1491 2 2 1 2 2 3 5
1490 1 1 1 1 1 2 4
1489 3 2 1 3 2 4 8
1488 1 2 2 1 1 2 4
1487 2 2 1 2 2 3 5
1486 2 2 2 2 2 3 6
1485 3 3 2 3 3 4 7
1484 3 3 1 2 1 2 5
1483 0 0 1 2 1 1 3
1482 2 1 1 1 1 2 4
1481 3 2 1 2 2 4 7
1480 2 1 1 1 1 2 4
1479 0 0 1 2 1 2 3
1478 2 3 2 2 2 3 6
1477 3 2 1 2 1 3 6
1476 3 2 1 4 3 4 8
1475 1 1 1 1 1 2 3
1474 3 3 2 3 2 4 8
1473 2 2 2 2 2 3 6
1472 1 1 1 2 1 2 4
1471 1 2 1 1 1 2 4
1470 1 3 2 2 2 3 6
1469 1 1 2 1 1 2 4
1468 2 2 2 2 2 3 6
1467 2 1 1 2 2 3 5
1466 3 2 2 3 2 4 7
1465 1 1 1 1 1 2 3
1464 0 2 1 1 1 2 4
1463 2 2 2 2 2 3 6
1462 1 2 1 2 1 2 5
1461 3 3 2 3 2 4 7
1460 3 2 1 3 2 4 7
1459 2 1 1 2 1 2 4
1458 2 2 1 2 2 3 6
1457 1 1 1 1 1 2 3
1456 0 0 1 2 1 2 3
1455 1 1 1 2 1 2 4
1454 3 2 1 3 2 4 6
1453 4 4 2 3 2 4 9
1452 1 1 2 1 1 2 3
1451 2 1 1 3 3 4 7
1450 3 3 2 2 2 4 7
1449 1 1 1 1 1 2 3
1448 2 3 2 2 1 2 5
1447 3 2 2 3 2 4 7
1446 2 2 1 2 2 3 6
1445 2 1 1 2 1 3 5
1444 1 1 1 2 1 2 3
1443 2 2 2 2 2 3 6
1442 3 2 1 2 2 3 6
1441 3 3 2 3 1 3 7
1440 2 1 1 2 1 2 4
1439 2 2 1 2 1 3 5
1438 2 1 1 2 1 3 4
1437 1 1 1 1 1 2 3
1436 1 1 1 2 1 2 4
1435 2 1 1 2 1 2 4
1434 2 1 1 2 1 2 4
1433 1 1 2 2 1 2 4
1432 2 1 1 2 2 3 5
1431 0 0 1 2 2 2 3
1430 3 2 2 2 2 3 6
1429 0 2 2 1 1 2 4
1428 1 1 1 1 1 1 2
1427 1 1 1 2 2 2 4
1426 1 1 2 1 1 2 4
1425 1 1 1 1 1 1 3
1424 0 0 0 0 0 1 1
1423 2 1 1 2 1 3 5
1422 3 3 3 3 2 4 8
1421 2 1 2 2 1 2 5
1420 2 1 1 2 2 3 6
1419 1 1 2 2 1 2 4
1418 1 1 1 2 1 2 4
1417 1 2 1 1 1 2 4
1416 2 1 1 2 2 3 5
1415 2 2 1 1 1 2 4
1414 2 1 1 2 2 2 4
1413 4 3 2 3 2 4 8
1412 2 1 1 2 2 3 5
1411 1 1 1 2 1 2 3
1410 0 2 2 2 1 2 4
1409 4 3 2 3 3 4 8
1408 1 1 1 1 1 2 4
1407 3 2 1 3 2 4 7
1406 3 3 2 2 2 3 6
1405 3 3 2 3 2 4 8
1404 3 2 1 4 3 4 8
1403 2 2 2 2 2 3 6
1402 0 1 1 1 1 1 3
1401 3 3 2 3 3 4 7
1400 2 2 1 2 2 3 5
1399 3 3 2 3 3 4 8
1398 2 2 1 2 1 3 5
1397 0 2 2 1 1 2 4
1396 3 3 3 3 2 4 8
1395 3 3 2 2 2 3 7
1394 1 2 2 2 1 3 5
1393 3 3 2 3 2 4 8
1392 2 2 2 2 1 2 4
1391 3 3 2 2 1 3 7
1390 2 1 1 2 2 3 5
1389 4 4 3 3 2 4 8
1388 0 0 1 2 1 1 2
1387 1 1 1 1 1 2 3
1386 1 1 1 1 1 2 4
1385 0 2 1 1 1 1 3
1384 3 3 2 2 2 4 7
1383 1 2 1 1 1 2 4
1382 2 1 1 2 2 3 4
1381 2 2 1 2 2 3 5
1380 2 1 1 2 1 2 4
1379 1 2 1 2 2 3 5
1378 3 2 1 2 2 3 6
1377 1 2 1 1 1 2 4
1376 2 2 1 1 1 2 4
1375 2 1 1 2 2 3 5
1374 2 2 2 2 2 3 6
1373 2 2 1 2 1 3 5
1372 2 2 1 2 2 3 5
1371 1 1 1 1 1 2 3
1370 1 1 1 1 1 1 3
1369 2 3 2 2 1 3 7
1368 0 0 1 2 1 2 3
1367 1 1 1 1 1 2 3
1366 2 1 1 2 2 3 5
1365 1 1 1 2 1 2 3
1364 1 1 1 1 1 2 3
1363 4 4 3 3 2 4 8
1362 1 2 2 2 2 3 5
1361 2 1 1 2 2 3 5
1360 2 2 2 2 1 2 5
1359 2 2 1 2 2 3 5
1358 2 3 1 2 2 3 6
1357 2 1 1 1 1 2 4
1356 2 3 2 2 2 3 6
