1655 0 0 1 2 1 1 2
1654 1 1 1 1 1 1 3
1653 1 1 1 1 1 2 4
1652 1 2 2 2 2 3 5
1651 1 3 2 2 1 3 6
1650 3 2 2 3 2 4 7
1649 3 3 1 2 1 3 6
1648 2 2 1 1 1 2 4
1647 1 2 1 2 2 3 5
1646 2 2 1 2 2 3 5
1645 2 2 1 2 2 3 5
1644 2 2 1 3 2 3 5
1643 3 3 2 2 2 3 6
1642 2 2 1 2 1 3 6
1641 0 3 3 1 1 2 5
1640 3 3 3 3 2 4 7
1639 1 1 1 1 1 2 4
1638 2 1 1 2 2 3 5
1637 1 2 2 2 1 3 5
1636 0 1 2 1 1 2 4
1635 2 1 1 1 1 2 4
1634 2 2 2 2 2 3 6
1633 2 2 2 2 2 3 5
1632 1 2 1 1 2 2 4
1631 3 3 2 3 2 4 7
1630 2 1 2 2 2 3 5
1629 3 3 2 2 2 4 7
1628 3 3 2 3 2 3 7
1627 2 1 1 3 2 3 6
1626 1 2 1 1 1 1 3
1625 2 1 1 2 2 3 4
1624 1 1 1 1 1 2 3
1623 2 2 1 1 1 2 4
1622 2 3 2 1 1 2 4
1621 1 1 1 1 1 1 3
1620 1 1 1 1 1 1 2
1619 2 2 2 2 1 3 5
1618 0 0 1 2 1 2 3
1617 3 2 1 2 2 3 6
1616 1 2 2 2 1 3 5
1615 1 1 1 1 1 2 4
1614 2 2 1 2 2 3 5
1613 1 1 1 2 2 2 4
1612 1 1 1 1 1 2 3
1611 4 3 2 3 1 3 7
1610 2 1 1 2 2 2 4
1609 3 2 2 2 2 3 6
1608 2 1 1 2 1 2 4
1607 0 1 1 1 1 1 2
1606 3 2 1 3 2 4 7
1605 3 3 2 3 2 4 8
1604 2 2 2 2 2 3 6
1603 0 2 2 1 1 1 3
1602 3 2 2 2 2 4 7
1601 2 1 2 2 2 3 5
1600 2 2 1 2 1 2 4
1599 1 2 1 2 1 2 4
1598 0 1 1 1 1 1 2
1597 2 2 1 2 2 3 5
1596 1 1 1 1 1 1 3
1595 1 2 2 2 1 2 4
1594 2 2 1 2 2 3 5
1593 2 2 1 2 2 3 5
1592 2 2 1 2 2 3 5
1591 2 1 1 2 1 3 5
1590 1 1 1 2 2 2 4
1589 2 1 2 2 1 3 5
1588 1 3 2 2 1 3 6
1587 1 2 1 2 2 2 4
1586 2 2 2 3 2 3 6
1585 0 1 1 1 1 1 2
1584 2 1 1 2 1 2 4
1583 1 1 1 1 1 1 3
1582 1 1 1 2 1 2 3
1581 2 2 1 2 1 2 4
1580 1 2 1 2 1 2 4
1579 3 2 1 2 1 3 5
1578 1 1 1 1 1 1 2
1577 2 2 1 2 1 2 5
1576 1 1 1 1 1 1 3
1575 0 0 1 2 1 2 3
1574 2 2 2 2 2 3 6
1573 2 3 2 2 2 3 7
1572 3 2 2 2 2 3 7
1571 1 2 2 2 2 3 6
1570 4 3 3 3 3 4 9
1569 1 2 1 2 1 2 4
1568 0 0 1 2 1 2 3
1567 2 3 2 2 2 3 6
1566 2 2 1 2 2 3 5
1565 1 1 1 1 1 1 3
1564 1 1 1 2 1 2 3
1563 1 1 1 1 1 2 4
1562 2 1 1 2 1 2 5
1561 2 1 1 2 2 3 6
1560 2 1 1 1 1 2 4
1559 2 1 0 2 2 2 4
1558 1 2 2 2 1 3 5
1557 0 0 0 1 1 0 1
1556 1 2 1 2 1 3 5
1555 2 2 2 2 1 3 6
1554 1 1 1 1 1 2 3
1553 3 2 3 2 2 3 7
1552 0 1 1 1 1 2 3
1551 2 1 1 1 1 3 5
1550 2 2 3 2 2 3 6
1549 1 1 1 2 1 2 4
1548 2 2 1 2 2 3 5
1547 1 1 1 1 1 1 3
1546 2 1 1 2 2 3 5
1545 0 1 2 2 1 3 5
1544 2 3 3 3 2 4 7
1543 2 2 2 2 2 3 5
1542 2 2 3 3 2 4 7
1541 1 1 1 1 1 1 3
1540 2 2 2 2 2 3 5
1539 1 2 3 2 1 3 5
1538 0 1 1 1 1 1 3
1537 1 1 1 1 1 1 3
1536 2 1 1 2 1 1 3
1535 1 2 1 1 1 2 4
1534 3 3 1 2 2 4 6
1533 3 3 1 2 1 2 5
1532 3 2 1 2 1 2 5
1531 1 2 1 1 1 1 3
1530 2 2 2 2 3 4 7
1529 1 2 2 1 1 2 4
1528 0 1 1 1 1 1 2
1527 1 1 1 2 1 2 4
1526 1 1 1 1 1 2 3
1525 1 1 1 2 2 3 5
1524 3 3 3 3 2 4 8
1523 1 1 1 1 1 2 3
1522 3 2 1 3 2 3 7
1521 2 1 1 2 1 2 4
1520 3 3 2 3 2 4 8
1519 1 1 1 2 2 2 4
1518 0 1 1 1 1 1 3
1517 1 1 1 1 1 1 3
1516 0 2 2 1 1 2 5
1515 0 2 1 1 1 1 2
1514 1 2 1 2 2 3 5
1513 2 2 2 2 2 3 6
1512 2 3 2 1 2 4 7
1511 0 1 1 2 1 2 4
1510 1 1 1 1 1 1 2
1509 3 3 2 3 2 4 8
1508 2 2 1 1 1 2 4
1507 2 1 1 2 2 3 5
1506 1 1 1 2 1 2 4
