1805 3 1 1 3 2 3 5
1804 1 0 0 1 1 1 2
1803 0 1 2 2 1 2 4
1802 2 1 1 2 2 3 5
1801 0 0 1 3 1 2 4
1800 2 3 3 2 2 3 7
1799 1 1 1 2 1 2 3
1798 3 1 1 3 2 4 7
1797 2 1 1 1 1 1 3
1796 0 1 1 3 2 3 5
1795 2 1 1 2 2 3 4
1794 2 2 1 2 2 3 5
1793 1 1 1 2 1 2 4
1792 2 2 1 2 1 3 5
1791 2 1 1 2 1 3 5
1790 1 2 1 1 1 2 4
1789 2 2 1 2 3 3 5
1788 4 4 3 3 2 4 9
1787 1 1 2 1 0 2 4
1786 2 1 2 2 2 3 5
1785 2 2 2 2 2 3 5
1784 3 3 1 2 2 3 6
1783 1 1 1 2 2 2 4
1782 1 3 3 1 1 3 7
1781 0 1 0 1 1 1 2
1780 2 2 2 3 2 3 6
1779 3 3 2 3 2 4 7
1778 2 2 2 2 2 3 6
1777 1 1 2 1 1 2 4
1776 0 0 1 2 1 1 3
1775 3 3 2 2 2 4 7
1774 1 1 1 2 1 2 4
1773 2 1 2 2 1 2 4
1772 3 3 3 3 3 4 8
1771 2 1 2 2 1 3 5
1770 3 2 1 2 2 4 7
1769 0 1 1 3 1 2 3
1768 2 1 1 2 2 3 6
1767 3 2 1 2 1 3 5
1766 1 1 1 2 1 2 4
1765 2 2 2 3 2 3 6
1764 3 2 1 3 2 3 6
1763 3 2 1 2 2 4 6
1762 2 2 1 1 1 3 5
1761 2 3 2 1 1 3 6
1760 1 0 1 2 1 2 4
1759 1 1 1 2 2 3 4
1758 0 1 0 1 1 1 2
1757 0 1 1 1 1 2 3
1756 2 2 1 2 1 3 5
1755 1 1 1 1 1 2 3
1754 3 3 2 2 2 3 7
1753 3 3 3 3 2 4 8
1752 0 1 1 1 1 1 2
1751 3 3 1 2 2 4 6
1750 1 1 1 2 1 2 3
1749 3 3 2 2 2 4 7
1748 2 2 1 2 2 3 5
1747 1 1 1 2 1 2 4
1746 2 2 1 3 2 3 6
1745 3 2 1 3 2 4 6
1744 0 1 0 0 0 1 1
1743 0 0 0 1 0 1 1
1742 1 1 1 2 2 3 4
1741 3 1 2 3 2 4 6
1740 2 1 2 2 2 3 5
1739 3 3 1 2 2 4 7
1738 0 1 1 2 1 2 3
1737 2 1 1 2 1 3 4
1736 1 1 1 2 1 2 4
1735 0 1 1 1 1 2 3
1734 2 2 2 2 2 3 5
1733 1 1 1 1 1 2 3
1732 3 3 2 2 2 4 7
1731 3 4 1 1 1 2 6
1730 2 1 1 1 1 1 3
1729 4 4 2 3 3 4 8
1728 2 2 2 3 2 3 6
1727 0 0 1 3 1 3 4
1726 1 1 1 2 1 2 4
1725 2 1 1 2 1 3 5
1724 1 0 1 1 1 2 3
1723 1 0 1 1 1 2 3
1722 2 1 1 2 2 3 5
1721 2 1 1 2 1 3 4
1720 1 1 1 1 1 2 4
1719 4 4 1 2 2 4 8
1718 2 2 2 2 2 3 6
1717 0 1 2 2 1 3 5
1716 4 4 4 3 2 4 9
1715 0 0 1 3 1 3 4
1714 2 2 1 2 1 2 4
1713 1 1 1 2 2 2 4
1712 1 1 2 2 2 3 5
1711 2 2 1 2 2 3 5
1710 2 1 1 1 1 2 4
1709 3 1 1 3 2 4 7
1708 3 3 3 3 2 4 8
1707 2 2 1 2 2 3 6
1706 2 1 1 2 1 2 4
1705 1 1 1 2 1 2 4
1704 2 2 1 2 2 3 5
1703 2 1 1 2 1 3 4
1702 2 1 1 2 1 3 5
1701 1 2 2 1 2 3 5
1700 2 0 1 2 2 3 4
1699 2 3 3 1 1 3 6
1698 4 4 3 2 1 2 6
1697 2 2 2 2 1 3 5
1696 0 0 1 3 1 1 2
1695 2 1 2 2 1 2 4
1694 2 1 2 2 2 3 5
1693 1 3 3 3 2 4 7
1692 1 1 1 2 1 2 4
1691 2 1 1 1 1 2 4
1690 1 1 1 1 1 2 3
1689 1 0 0 2 1 1 3
1688 2 1 1 2 1 3 4
1687 0 1 1 2 1 2 4
1686 3 3 1 2 2 4 8
1685 2 1 1 3 3 4 6
1684 1 0 1 1 1 1 3
1683 3 3 2 2 2 4 7
1682 2 2 1 2 2 3 5
1681 1 0 0 1 1 1 2
1680 0 1 1 2 1 2 3
1679 2 2 0 1 1 2 4
1678 3 2 2 2 2 4 6
1677 1 2 1 1 1 2 4
1676 3 2 1 2 2 3 5
1675 1 2 1 1 1 2 4
1674 3 2 2 2 2 4 6
1673 2 2 1 2 2 3 5
1672 2 1 1 2 1 3 5
1671 3 3 2 2 2 3 6
1670 1 2 1 2 1 2 4
1669 1 1 1 1 1 2 3
1668 2 2 1 2 1 3 5
1667 3 3 2 3 2 4 8
1666 3 1 1 2 2 4 6
1665 0 1 0 0 0 1 1
1664 1 3 3 2 2 3 6
1663 1 1 1 1 1 2 3
1662 2 1 2 2 2 3 5
1661 0 1 1 1 1 1 2
1660 3 3 1 2 2 3 6
1659 1 1 2 2 1 3 5
1658 3 3 2 2 2 4 7
1657 2 2 1 2 1 3 5
1656 2 2 1 2 1 2 5
