1955 2 1 1 2 1 3 5
1954 3 2 1 2 2 4 6
1953 1 1 2 2 2 3 5
1952 3 2 2 3 2 3 6
1951 0 0 1 3 1 3 4
1950 0 1 0 0 0 1 2
1949 3 1 1 3 2 4 6
1948 1 2 2 2 2 3 5
1947 4 3 2 3 2 4 8
1946 3 2 2 2 2 4 6
1945 3 1 1 3 3 4 6
1944 1 2 1 2 2 3 5
1943 1 1 1 1 1 2 3
1942 1 1 1 2 1 2 4
1941 1 1 1 2 1 2 4
1940 1 1 1 1 1 2 3
1939 2 2 1 2 1 2 4
1938 0 1 2 2 2 3 5
1937 0 1 1 1 1 1 2
1936 3 2 2 3 3 4 7
1935 2 2 1 2 1 3 5
1934 2 1 1 2 2 3 5
1933 2 2 1 2 2 3 6
1932 3 3 2 3 2 3 6
1931 1 2 1 1 1 2 4
1930 2 1 1 1 1 2 3
1929 0 1 1 1 1 1 2
1928 3 2 2 2 2 4 7
1927 2 0 1 1 1 2 4
1926 1 1 1 2 2 2 4
1925 0 0 1 3 1 2 3
1924 3 3 1 2 2 4 7
1923 1 1 1 2 2 3 5
1922 3 2 2 3 3 4 7
1921 1 1 1 1 1 2 3
1920 1 0 1 2 1 2 4
1919 3 3 2 2 2 3 5
1918 1 1 1 2 2 2 4
1917 4 1 1 4 3 4 8
1916 1 1 1 1 1 2 3
1915 2 2 1 2 2 3 5
1914 2 1 1 2 2 3 5
1913 2 2 1 2 2 3 5
1912 1 2 1 2 1 2 4
1911 3 3 2 2 2 4 7
1910 0 1 1 1 1 2 3
1909 2 1 1 2 2 3 5
1908 2 1 1 2 1 3 4
1907 2 2 1 1 1 3 5
1906 3 3 3 2 2 4 7
1905 1 1 1 1 1 2 3
1904 1 1 1 1 1 2 3
1903 1 1 1 2 1 2 4
1902 0 0 1 2 1 1 2
1901 3 1 1 3 2 4 7
1900 0 1 1 1 1 1 2
1899 3 2 1 2 2 4 6
1898 1 1 1 2 1 2 4
1897 1 2 2 2 2 3 5
1896 1 1 1 2 1 2 3
1895 0 0 1 3 1 3 4
1894 3 2 2 3 2 4 6
1893 3 3 3 2 2 4 8
1892 0 1 2 1 1 2 4
1891 0 0 1 2 1 1 2
1890 1 2 2 2 1 2 5
1889 1 1 1 1 1 2 3
1888 3 2 1 2 2 4 6
1887 2 1 1 2 1 3 4
1886 2 2 2 3 2 3 5
1885 2 1 1 2 1 3 5
1884 2 1 1 2 2 3 6
1883 0 1 1 1 1 1 2
1882 1 2 1 1 1 3 5
1881 1 1 1 2 1 2 3
1880 2 1 2 2 2 3 5
1879 1 2 1 2 2 2 4
1878 3 2 1 2 2 3 5
1877 2 1 1 2 2 3 5
1876 2 1 1 1 1 2 4
1875 1 1 1 2 2 2 4
1874 3 2 1 2 1 1 4
1873 0 1 1 0 0 1 2
1872 3 3 1 2 2 4 7
1871 1 1 1 2 1 2 3
1870 3 1 1 2 2 4 6
1869 2 1 2 2 1 3 5
1868 0 1 1 2 1 1 3
1867 3 1 1 3 2 4 7
1866 1 2 2 2 2 2 4
1865 0 1 1 1 1 1 2
1864 0 0 1 2 1 1 2
1863 0 0 1 2 1 1 2
1862 1 1 1 2 1 2 4
1861 1 2 1 2 2 3 5
1860 0 1 0 1 1 1 2
1859 2 2 3 2 2 3 6
1858 1 1 1 1 1 2 3
1857 1 2 2 2 2 2 4
1856 3 2 2 2 2 3 6
1855 1 1 1 1 1 2 3
1854 1 1 1 2 1 2 4
1853 3 3 1 2 2 4 7
1852 2 2 2 1 1 3 5
1851 4 4 3 3 2 3 8
1850 1 1 2 1 1 2 4
1849 1 1 1 2 1 2 4
1848 2 2 1 3 2 3 5
1847 0 0 1 3 1 3 4
1846 2 1 1 2 2 3 5
1845 2 2 2 2 3 3 5
1844 0 1 0 1 1 1 2
1843 4 3 2 2 2 2 6
1842 0 0 1 2 1 1 2
1841 0 0 1 3 1 3 4
1840 3 2 1 3 2 3 6
1839 2 2 2 2 2 3 6
1838 3 1 1 3 2 4 7
1837 2 1 1 2 2 3 5
1836 1 1 1 2 1 2 3
1835 3 3 2 2 2 4 7
1834 0 1 1 1 1 2 3
1833 2 2 2 2 2 3 5
1832 0 1 1 2 1 2 3
1831 2 3 3 2 2 3 7
1830 3 3 3 3 2 4 7
1829 1 1 1 1 1 2 4
1828 0 0 1 3 1 2 3
1827 1 1 1 1 1 2 4
1826 3 1 1 2 2 4 7
1825 0 1 2 2 1 3 5
1824 2 2 2 2 2 3 5
1823 0 2 2 1 1 1 3
1822 2 1 2 2 1 2 5
1821 1 1 1 2 2 3 5
1820 0 1 1 1 1 1 3
1819 0 1 2 2 1 2 4
1818 3 2 2 2 2 3 6
1817 1 0 0 1 1 1 2
1816 2 2 1 1 1 2 5
1815 1 1 1 1 1 1 2
1814 4 3 2 3 2 4 8
1813 3 3 3 3 2 4 8
1812 1 1 1 1 1 2 3
1811 3 2 2 2 2 4 7
1810 0 1 1 1 1 1 2
1809 1 0 1 1 1 1 3
1808 1 1 1 2 1 2 3
1807 2 2 1 1 1 2 4
1806 2 2 1 2 2 3 5
