2106 2 1 1 1 1 2 4
2105 3 3 3 3 3 4 8
2104 3 3 3 2 1 3 6
2103 2 2 2 2 2 3 5
2102 0 0 1 1 0 1 2
2101 3 3 3 3 3 4 8
2100 3 2 2 2 2 3 6
2099 3 3 1 3 3 4 7
2098 1 1 1 2 2 3 4
2097 1 1 1 1 1 1 2
2096 2 2 1 2 2 3 5
2095 1 0 1 1 1 2 3
2094 1 1 1 1 1 1 3
2093 2 2 1 2 2 3 5
2092 3 2 1 3 2 3 5
2091 3 3 3 2 2 4 7
2090 4 4 3 3 2 4 8
2089 1 1 1 1 1 2 3
2088 3 3 2 2 2 3 6
2087 2 2 1 1 1 3 5
2086 2 2 1 2 3 3 6
2085 1 1 1 1 1 2 3
2084 3 2 1 2 2 4 6
2083 3 2 1 2 2 3 5
2082 2 2 2 2 2 3 6
2081 3 3 1 3 2 4 7
2080 3 2 1 2 1 3 5
2079 1 2 1 1 1 2 4
2078 3 2 2 3 2 4 7
2077 3 1 1 3 3 4 7
2076 0 2 2 1 1 1 3
2075 0 1 1 1 1 1 2
2074 3 2 1 2 2 3 5
2073 2 3 2 2 2 3 6
2072 3 2 1 2 2 3 5
2071 1 1 1 2 2 2 4
2070 2 2 2 2 2 3 5
2069 1 1 1 2 1 2 4
2068 0 1 2 2 1 2 4
2067 1 1 1 1 1 2 4
2066 1 1 2 2 1 2 4
2065 1 1 1 1 1 2 3
2064 2 2 1 2 2 3 5
2063 0 0 1 3 1 3 4
2062 2 2 1 2 1 2 4
2061 1 1 2 2 2 3 4
2060 1 2 1 1 1 2 4
2059 1 1 1 2 1 2 4
2058 2 3 2 2 2 4 7
2057 0 0 1 3 1 3 4
2056 1 2 2 2 1 2 5
2055 1 1 1 1 1 1 3
2054 4 1 1 4 3 4 8
2053 1 3 1 2 2 3 6
2052 2 2 1 2 2 3 5
2051 3 2 1 2 1 3 5
2050 3 2 1 2 2 4 6
2049 3 2 2 3 2 4 6
2048 1 1 1 1 1 1 3
2047 1 0 1 1 1 2 3
2046 0 0 1 2 1 1 2
2045 1 1 2 2 1 2 4
2044 2 1 2 3 3 3 6
2043 2 1 1 2 2 2 4
2042 2 2 1 2 2 3 5
2041 1 1 1 2 1 2 4
2040 0 0 1 3 1 3 4
2039 1 0 0 1 1 1 2
2038 1 2 1 2 1 2 4
2037 1 1 1 1 1 2 3
2036 2 1 2 2 1 2 5
2035 0 0 1 2 1 1 2
2034 0 1 1 1 1 1 2
2033 0 2 1 3 2 3 5
2032 1 2 3 2 1 3 5
2031 3 3 2 3 2 4 7
2030 1 1 1 2 1 2 4
2029 1 1 1 1 1 2 3
2028 2 3 2 2 2 3 6
2027 1 1 1 1 1 2 3
2026 2 2 1 2 1 2 4
2025 3 1 1 3 2 4 6
2024 0 1 1 1 1 1 2
2023 1 1 1 1 1 2 3
2022 3 2 1 2 2 3 5
2021 0 1 1 2 1 3 4
2020 2 1 1 1 1 2 4
2019 0 0 0 0 0 0 0
2018 4 2 2 3 2 4 7
2017 2 1 1 2 1 3 4
2015 0 0 1 3 1 3 4
2014 2 2 2 1 1 3 5
2013 2 1 1 1 1 2 4
2012 1 1 1 2 1 2 4
2011 1 1 1 1 1 2 3
2010 1 1 1 2 1 3 4
2009 4 4 2 3 2 4 9
2008 2 2 1 2 1 2 4
2007 0 3 3 1 1 2 5
2006 1 1 1 2 1 2 4
2005 2 2 2 2 2 3 5
2004 1 1 1 1 1 2 3
2003 2 2 1 2 2 3 5
2002 3 3 2 2 2 4 7
2001 1 1 1 2 1 2 4
2000 1 1 1 2 1 2 4
1999 2 1 1 2 1 2 4
1998 0 1 1 1 1 1 2
1997 1 2 2 2 1 2 4
1996 3 3 2 2 2 4 7
1995 2 2 1 2 2 3 5
1994 3 2 1 2 1 3 5
1993 2 2 1 2 2 3 5
1992 1 1 1 2 2 3 4
1991 3 3 1 2 2 4 7
1990 4 2 2 3 2 4 8
1989 0 1 1 1 1 1 2
1988 3 2 2 2 2 4 7
1987 1 1 1 1 1 2 3
1986 0 1 1 2 1 2 4
1985 2 2 1 2 1 3 4
1984 0 1 0 2 1 1 2
1983 2 2 1 2 3 3 5
1982 2 2 2 2 2 4 6
1981 3 1 1 2 2 4 6
1980 1 1 1 1 1 2 3
1979 0 1 1 1 1 1 2
1978 1 1 1 1 1 2 3
1977 3 2 2 2 2 4 6
1976 2 1 1 2 1 2 4
1975 2 2 1 2 2 3 6
1974 3 3 3 3 2 4 7
1973 1 2 2 2 1 1 4
1972 0 0 0 2 1 1 1
1971 3 3 2 2 1 1 5
1970 2 1 1 2 1 2 4
1969 0 0 0 0 1 1 1
1968 3 1 1 2 2 4 6
1967 2 3 2 2 2 4 7
1966 2 3 2 2 2 3 6
1965 1 1 1 2 1 2 4
1964 2 3 2 2 2 3 6
1963 2 2 1 2 1 2 4
1962 2 1 1 2 2 3 5
1961 2 1 1 2 1 2 4
1960 1 3 2 1 1 2 5
1959 0 1 0 1 1 1 2
1958 3 1 1 3 2 4 7
1957 2 1 1 2 2 3 6
1956 2 2 2 2 1 2 5
