2257 3 2 2 3 2 3 6
2256 3 1 1 3 2 4 6
2255 0 0 0 1 1 1 1
2254 2 2 1 2 2 3 5
2253 4 4 3 3 2 4 9
2252 1 1 0 1 0 1 2
2251 2 2 1 3 2 3 6
2250 0 1 1 2 1 2 4
2249 2 1 1 2 1 3 5
2248 2 2 1 2 2 3 5
2247 1 1 1 2 2 2 4
2246 3 2 2 2 2 3 6
2245 3 3 2 2 2 4 7
2244 2 1 1 2 2 3 5
2243 0 1 1 2 1 2 3
2242 2 2 2 2 1 3 5
2241 0 0 1 2 1 2 3
2240 1 1 1 2 1 2 4
2239 1 1 1 1 1 2 4
2238 0 2 1 0 0 1 2
2237 1 1 0 1 1 2 3
2236 2 1 1 2 2 3 5
2235 2 2 1 2 1 3 5
2234 3 3 2 2 2 4 7
2233 0 1 1 1 0 1 2
2232 2 1 1 2 2 3 5
2231 2 1 1 2 1 3 5
2230 3 1 1 3 2 4 6
2229 2 2 2 3 2 3 6
2228 3 2 1 3 2 3 6
2227 1 3 3 1 1 3 6
2226 0 1 1 2 2 3 5
2225 1 2 2 1 2 2 5
2224 0 1 2 1 0 1 2
2223 1 2 1 2 1 2 4
2222 3 2 3 2 2 3 6
2221 1 2 2 2 1 3 5
2220 3 3 1 2 2 3 7
2219 4 3 3 2 2 3 8
2218 1 1 1 1 1 2 4
2217 1 3 3 2 1 3 6
2216 1 1 1 2 1 2 3
2215 1 1 1 2 1 2 4
2214 2 3 3 2 2 4 7
2213 2 2 1 2 1 3 5
2212 1 1 0 1 1 2 3
2211 1 1 1 2 2 3 5
2210 3 1 0 2 2 3 5
2209 3 2 2 2 2 3 6
2208 2 2 1 2 2 3 5
2207 3 1 1 3 2 4 6
2206 2 1 1 2 1 3 5
2205 4 4 4 3 3 4 9
2204 2 2 1 1 1 3 5
2203 1 1 1 1 1 2 3
2202 0 1 1 2 1 2 4
2201 1 1 1 2 2 3 5
2200 2 2 2 1 1 3 5
2199 3 2 2 2 2 3 6
2198 1 1 1 2 1 2 4
2197 3 1 2 2 3 3 7
2196 1 1 2 1 1 2 4
2195 3 1 1 3 2 4 7
2194 4 3 1 3 2 4 7
2193 1 2 1 2 1 2 4
2192 3 3 2 3 2 4 7
2191 2 1 1 2 1 2 4
2190 1 2 2 2 2 2 6
2189 3 3 2 2 2 3 7
2188 0 0 1 2 1 2 3
2187 1 2 1 1 1 2 4
2186 0 1 2 2 1 2 3
2185 1 1 1 2 2 3 5
2184 1 1 1 2 2 3 5
2183 1 1 1 2 1 3 5
2182 0 0 1 2 1 2 4
2181 1 2 1 2 2 3 5
2180 1 3 3 1 1 3 6
2179 2 2 1 2 2 3 6
2178 3 3 3 2 2 3 7
2177 3 3 2 3 2 3 7
2176 1 2 1 1 1 2 4
2175 3 3 2 3 2 4 7
2174 4 1 1 4 3 4 8
2173 2 2 1 2 2 3 5
2172 2 1 2 2 1 3 5
2171 2 2 1 2 2 3 5
2170 1 3 2 1 1 2 6
2169 2 4 2 3 3 3 7
2168 1 1 1 1 1 2 3
2167 2 2 2 2 2 3 5
2166 1 1 1 2 1 2 3
2165 1 2 2 1 1 2 5
2164 0 0 1 2 1 2 3
2163 2 2 2 2 2 3 6
2162 1 1 1 2 2 2 4
2161 2 1 1 2 1 2 4
2160 3 3 2 3 2 4 8
2159 2 2 1 2 1 3 5
2158 2 2 2 2 2 3 6
2157 0 1 2 1 1 2 4
2156 0 1 1 2 1 2 4
2155 1 2 2 2 2 3 5
2154 1 1 1 2 2 2 4
2153 2 1 1 3 3 3 5
2151 1 1 1 2 1 3 5
2150 3 3 1 3 2 4 7
2149 1 1 1 2 1 3 4
2148 2 3 3 2 2 4 7
2147 1 1 1 1 1 2 3
2146 3 2 2 2 2 3 6
2145 1 0 1 0 0 1 2
2144 2 2 1 2 2 3 5
2143 1 1 1 3 2 3 5
2142 0 1 1 1 0 1 2
2141 4 3 2 3 2 4 7
2140 2 2 2 2 1 3 6
2139 0 1 1 2 1 2 4
2138 1 2 1 1 1 1 3
2137 2 1 1 2 2 3 5
2136 3 1 1 3 2 4 7
2135 2 1 2 2 2 3 5
2134 3 3 3 2 2 4 8
2133 2 2 1 2 1 3 5
2132 1 1 1 1 1 2 4
2131 1 2 1 2 1 2 4
2130 2 1 2 2 2 3 5
2129 0 1 2 2 1 3 5
2128 1 1 2 1 2 2 5
2127 2 2 1 2 2 3 5
2126 2 1 1 2 1 3 5
2125 2 2 1 2 2 3 6
2124 2 0 0 1 1 1 3
2123 3 1 2 3 3 4 7
2122 1 3 3 2 1 3 6
2121 1 1 1 2 1 2 4
2120 2 2 1 2 2 3 5
2119 2 1 2 2 2 3 5
2118 3 1 1 3 2 4 7
2117 1 1 1 1 1 2 3
2116 2 1 1 3 2 3 6
2115 0 1 1 1 0 1 2
2114 3 3 3 3 2 4 8
2113 1 1 1 2 1 2 4
2112 1 1 1 2 2 3 5
2111 1 1 1 2 1 2 4
2110 1 1 1 2 1 2 4
2109 4 4 2 3 2 4 8
2108 2 1 1 2 1 3 5
2107 3 2 3 2 2 3 7
