2407 3 1 1 1 1 2 5
2406 1 1 1 2 1 2 4
2405 1 2 1 1 1 2 4
2404 1 1 2 2 2 3 5
2403 2 2 1 2 1 2 4
2402 1 1 1 2 1 2 4
2401 1 1 1 2 2 2 4
2400 2 2 1 2 2 3 5
2399 1 2 1 1 1 2 4
2398 2 2 1 2 1 2 5
2397 2 1 2 2 2 3 6
2396 1 1 1 2 1 2 4
2395 0 0 1 1 1 1 2
2394 2 1 1 2 1 3 5
2393 0 1 2 2 2 2 4
2392 2 1 1 3 2 3 5
2391 1 1 1 2 1 3 4
2390 2 1 1 2 2 3 5
2389 1 1 1 0 1 1 2
2388 4 3 1 3 2 4 7
2387 1 2 1 2 1 2 4
2386 0 0 1 2 1 2 4
2385 2 2 2 2 2 3 6
2384 0 0 1 2 1 1 3
2383 1 1 1 2 2 2 4
2382 2 1 2 2 1 3 5
2381 2 1 1 2 1 3 5
2380 2 1 1 2 1 3 5
2379 2 1 1 1 1 3 4
2378 1 1 1 2 1 2 4
2377 3 1 1 3 2 4 7
2376 2 2 1 3 3 3 5
2375 3 3 1 3 2 4 6
2374 2 1 1 1 1 2 4
2373 2 2 2 2 2 3 6
2372 1 1 1 2 1 2 3
2371 0 1 1 2 1 2 4
2370 2 2 1 2 2 3 6
2369 1 1 2 2 1 3 5
2368 0 0 1 2 1 2 4
2367 0 1 1 1 0 1 2
2366 2 2 1 2 1 3 5
2365 1 1 1 1 1 2 4
2364 1 2 1 1 1 2 4
2363 2 2 1 2 1 2 4
2362 1 0 1 1 1 1 3
2361 0 1 0 0 0 1 1
2360 1 1 1 2 1 2 4
2359 0 0 1 2 1 2 3
2358 0 0 1 1 0 1 2
2357 4 3 3 2 2 3 8
2356 2 2 1 2 1 3 5
2355 1 2 1 2 1 2 4
2354 3 2 1 3 2 4 6
2353 2 2 2 2 1 3 6
2352 2 2 2 2 2 3 6
2351 1 3 3 1 1 2 5
2350 1 2 2 2 1 2 5
2349 4 4 2 3 2 4 8
2348 2 2 1 2 1 3 5
2347 1 2 1 1 0 1 2
2346 1 2 2 2 2 3 6
2345 1 2 2 2 2 3 6
2344 1 2 2 1 1 3 5
2343 0 1 1 1 0 1 2
2342 3 1 2 2 2 3 6
2341 3 1 1 2 2 4 6
2340 1 2 2 3 2 3 6
2339 1 3 1 1 1 3 5
2338 1 1 1 2 1 2 4
2337 2 2 1 2 1 3 5
2336 2 2 1 2 2 3 6
2335 2 2 2 2 2 3 6
2334 1 1 1 1 1 2 3
2333 3 4 3 3 3 4 9
2332 0 0 1 1 1 1 2
2331 3 2 3 3 3 3 7
2330 2 2 1 3 3 3 5
2329 4 3 2 2 2 4 7
2328 1 1 1 1 1 2 3
2327 0 1 1 2 1 2 3
2326 2 1 2 2 2 3 5
2325 2 2 1 2 1 3 5
2324 2 2 2 2 1 3 5
2323 1 0 1 1 1 1 3
2322 2 4 3 2 2 4 8
2321 4 4 2 3 2 4 8
2320 2 1 1 2 3 3 6
2319 2 3 1 1 1 2 5
2318 0 1 2 2 1 2 4
2317 2 2 2 2 2 3 5
2316 3 1 1 2 3 3 6
2315 0 1 1 2 1 2 4
2314 0 1 1 2 1 2 4
2313 1 1 1 1 1 2 3
2312 2 2 1 1 1 2 4
2311 1 1 3 2 1 3 5
2310 1 2 1 2 2 3 5
2309 3 3 1 2 1 3 6
2308 1 1 1 1 1 2 3
2307 2 1 1 2 1 2 4
2306 1 1 1 2 1 2 4
2305 1 1 1 1 1 2 3
2304 3 3 2 2 2 3 7
2303 0 1 1 2 1 2 4
2302 1 1 1 2 1 2 4
2301 2 1 1 2 1 3 5
2300 1 3 3 2 2 3 6
2299 1 1 1 2 2 2 4
2298 1 1 1 1 1 1 3
2297 2 1 1 2 1 3 5
2296 2 2 1 2 1 2 4
2295 2 2 2 1 1 2 5
2294 1 1 1 2 1 2 3
2293 1 1 2 1 1 2 4
2292 2 2 3 2 2 3 6
2291 2 1 2 2 1 3 5
2290 3 1 1 2 2 4 7
2289 2 2 1 3 3 3 6
2288 1 1 1 1 1 2 3
2287 2 3 1 3 3 3 6
2286 3 3 1 3 3 4 7
2285 2 2 1 2 2 3 5
2284 0 2 1 0 0 1 3
2283 0 1 1 1 0 1 2
2282 0 2 3 3 2 3 6
2281 0 1 2 2 1 2 4
2280 1 1 1 2 1 2 3
2279 2 1 1 2 1 3 5
2278 2 1 1 3 2 3 6
2277 1 2 1 1 1 2 3
2276 1 2 1 2 1 2 4
2275 0 0 0 1 0 1 1
2274 1 1 1 1 1 2 3
2273 2 1 1 2 1 3 5
2272 2 1 1 2 2 3 6
2271 3 4 2 2 2 4 8
2270 1 1 1 2 1 2 4
2269 3 3 3 3 2 4 7
2268 4 4 2 3 3 4 9
2267 1 2 1 1 1 2 4
2266 1 1 1 2 1 2 3
2265 0 0 1 2 1 2 3
2264 1 1 1 1 1 2 3
2263 1 1 1 2 1 3 4
2262 2 1 1 2 2 3 5
2261 2 1 1 2 1 2 4
2260 3 1 1 2 2 4 7
2259 2 1 1 2 1 3 4
2258 2 2 1 1 2 3 5
