2557 1 2 1 1 1 2 4
2556 2 2 2 2 2 3 6
2555 3 3 2 2 2 4 7
2554 1 1 1 1 1 1 3
2553 2 3 1 2 2 3 6
2552 2 3 2 2 2 3 6
2551 2 1 1 2 2 3 5
2550 4 1 1 4 3 4 8
2549 3 1 1 2 3 4 7
2548 1 2 2 2 2 3 5
2547 3 3 3 2 2 4 7
2546 1 1 1 2 2 3 5
2545 2 3 2 2 2 3 6
2544 1 1 1 1 1 2 3
2543 0 1 2 2 1 3 5
2542 2 2 1 2 2 3 5
2541 2 1 1 2 2 3 5
2540 0 1 2 2 1 2 4
2539 3 3 3 3 2 4 7
2538 3 1 1 3 2 4 7
2537 3 1 2 3 2 4 7
2536 2 1 1 1 1 2 4
2535 2 1 1 1 1 3 5
2534 1 2 1 2 2 3 5
2533 0 2 2 0 0 1 2
2532 3 2 2 2 2 4 7
2531 1 2 1 2 1 2 4
2530 0 1 2 2 1 2 4
2529 4 3 2 3 2 4 8
2528 2 1 2 2 2 3 5
2527 2 2 2 2 1 3 5
2526 1 1 2 2 2 3 5
2525 1 1 1 2 1 2 3
2524 3 1 1 3 2 4 7
2523 1 1 1 2 2 3 4
2522 3 1 1 3 2 4 7
2521 0 0 1 1 0 1 2
2520 0 1 2 1 1 2 4
2519 2 1 2 2 1 3 5
2518 1 1 1 1 1 2 3
2517 1 1 1 2 1 3 4
2516 1 1 0 1 0 1 2
2515 1 1 1 2 2 3 4
2514 1 2 2 2 2 3 5
2513 1 2 2 1 1 2 4
2512 3 3 3 2 2 4 7
2511 1 1 1 2 1 2 3
2510 3 4 1 1 1 3 6
2509 0 1 2 2 1 2 3
2508 2 2 2 2 2 3 5
2507 4 1 1 4 3 4 8
2506 2 2 1 2 2 3 5
2505 1 1 1 2 1 2 4
2504 2 2 1 2 1 2 4
2503 3 1 1 3 3 4 8
2502 1 3 2 1 1 1 4
2501 1 1 2 2 1 2 4
2500 1 1 1 1 1 2 3
2499 3 1 1 3 2 4 7
2498 1 2 1 1 1 2 4
2497 1 2 1 2 1 3 5
2496 3 4 3 2 2 4 8
2495 3 4 1 3 2 4 8
2494 1 0 1 1 1 1 2
2493 0 1 1 1 1 1 2
2492 1 2 1 2 2 2 4
2491 2 2 1 2 2 3 6
2490 2 2 1 2 1 2 4
2489 1 2 2 1 1 3 5
2488 0 1 1 0 0 1 1
2487 2 2 2 2 3 3 6
2486 4 3 3 3 3 4 8
2485 1 1 1 2 1 2 3
2484 3 3 2 2 2 4 7
2483 0 0 1 2 1 2 4
2482 1 4 4 1 1 3 7
2481 3 1 2 3 2 3 6
2480 3 1 1 2 2 4 7
2479 2 2 2 2 2 3 5
2478 1 1 1 2 1 2 4
2477 0 1 1 1 1 2 3
2476 3 3 1 3 2 3 6
2475 2 3 3 2 2 4 7
2474 0 0 1 1 0 1 1
2473 1 2 2 2 1 2 5
2472 2 1 1 2 2 3 5
2471 0 1 1 1 0 1 2
2470 3 2 3 2 2 3 7
2469 1 2 1 1 1 1 3
2468 3 2 1 3 3 3 6
2467 4 3 1 3 2 4 8
2466 0 1 2 2 1 2 4
2465 1 2 1 2 1 2 4
2464 2 2 1 1 1 2 4
2463 2 2 2 2 2 3 6
2462 3 3 1 3 2 4 7
2461 1 1 1 1 1 2 3
2460 2 1 2 2 3 3 6
2459 2 1 1 2 1 3 5
2458 2 2 1 2 1 3 6
2457 2 2 1 2 2 3 5
2456 2 1 1 2 2 3 6
2455 1 1 1 1 1 2 3
2454 1 1 1 2 1 2 4
2453 1 1 2 2 2 3 5
2452 0 1 1 0 0 1 2
2451 2 2 1 2 1 2 5
2450 2 2 1 2 1 2 4
2449 2 1 2 2 1 2 4
2448 2 2 2 1 1 3 5
2447 1 1 1 1 1 2 3
2446 2 3 3 2 2 4 7
2445 3 1 1 3 2 4 7
2444 2 1 1 2 2 3 6
2443 1 2 1 1 1 2 4
2442 1 1 1 2 2 2 4
2441 0 2 2 1 1 2 5
2440 3 3 2 3 2 4 7
2439 1 2 2 2 2 2 5
2438 2 1 2 2 2 3 5
2437 2 2 1 2 2 3 5
2436 2 2 3 2 3 3 7
2435 0 0 1 2 1 2 4
2434 3 2 2 2 2 3 6
2433 3 3 1 3 2 3 6
2432 1 1 1 1 1 1 3
2431 2 3 3 2 3 4 8
2430 4 1 1 4 3 4 8
2429 2 2 1 2 2 3 6
2428 2 1 2 2 1 3 5
2427 3 3 2 2 2 3 7
2426 1 1 1 2 1 2 4
2425 2 1 0 1 1 2 4
2424 2 2 1 2 2 3 6
2423 1 1 1 2 2 3 5
2422 0 1 2 2 2 3 5
2421 3 3 1 2 2 3 6
2420 0 3 2 1 1 2 5
2419 1 1 1 1 1 1 3
2418 2 2 3 3 2 3 6
2417 1 1 1 2 1 2 4
2416 0 1 2 1 0 1 2
2415 1 2 1 2 1 2 4
2414 4 3 2 2 2 3 7
2413 4 4 2 3 3 4 9
2412 1 2 1 1 1 2 4
2411 1 1 1 1 1 2 3
2410 1 1 1 2 1 3 4
2409 2 2 1 2 2 3 5
2408 1 1 1 1 1 2 3
