2708 1 1 2 2 2 2 4
2707 3 2 2 3 2 2 5
2706 2 1 1 2 1 2 4
2705 0 0 1 2 1 1 3
2704 3 2 3 3 3 4 8
2703 2 2 2 2 2 3 6
2702 2 2 1 2 2 3 5
2701 2 1 2 2 2 2 5
2700 1 1 2 1 1 2 4
2699 1 1 1 2 1 1 3
2698 2 4 4 3 2 4 9
2697 2 1 1 2 2 3 5
2696 4 3 1 1 1 2 6
2695 1 1 1 1 1 2 3
2694 2 2 1 2 2 3 6
2693 1 2 1 2 2 3 5
2692 1 1 1 1 1 1 2
2691 2 1 1 2 2 2 4
2690 1 2 1 2 1 2 4
2689 0 0 0 0 0 1 2
2688 1 2 2 1 1 2 4
2687 2 1 1 2 2 3 5
2686 4 4 3 3 3 4 9
2685 3 2 2 3 2 4 8
2684 1 2 2 1 2 3 5
2683 2 1 1 3 3 4 7
2682 3 3 2 3 2 4 7
2681 2 2 2 2 2 3 6
2680 1 1 2 2 1 2 4
2679 2 1 1 1 1 2 4
2678 3 3 1 2 2 3 6
2677 2 2 2 2 2 3 5
2676 2 1 1 2 2 3 5
2675 2 1 1 1 0 2 4
2674 2 2 1 2 2 3 5
2673 1 2 2 2 2 3 5
2672 2 1 1 2 2 3 5
2671 2 2 1 3 3 3 6
2670 2 1 2 2 2 3 5
2669 2 1 1 2 2 3 5
2668 3 3 1 3 2 4 7
2667 3 2 2 3 3 4 7
2666 3 3 2 3 3 4 7
2665 2 1 1 3 3 4 7
2664 1 1 1 2 2 3 5
2663 2 2 2 2 2 3 5
2662 2 2 2 2 2 3 6
2661 0 0 0 0 0 1 1
2660 2 2 2 1 1 2 5
2659 2 1 1 2 1 3 5
2658 1 1 1 2 1 2 4
2657 1 2 1 2 1 2 4
2656 2 0 0 1 1 1 3
2655 1 1 1 1 1 1 3
2654 2 2 2 2 2 3 5
2653 3 1 1 1 1 2 5
2652 1 2 2 2 2 3 5
2651 2 1 1 2 2 3 5
2650 2 2 2 2 2 3 6
2649 0 1 1 2 1 2 3
2648 2 1 2 1 1 2 5
2647 3 2 2 3 3 4 7
2646 2 2 2 2 2 3 6
2645 2 1 1 2 2 3 5
2644 1 1 1 1 1 2 4
2643 3 2 3 2 3 4 8
2642 2 1 1 2 2 3 5
2641 2 1 1 2 2 3 5
2640 3 2 1 2 2 3 6
2639 1 1 1 2 1 2 4
2638 0 2 1 1 1 2 4
2637 3 2 1 3 3 4 7
2636 0 0 1 2 1 1 2
2635 1 1 1 1 1 2 3
2634 1 1 1 1 1 2 4
2633 1 2 1 1 2 2 4
2632 2 1 1 1 1 2 4
2631 3 1 1 3 2 4 7
2630 2 1 1 2 2 3 5
2629 3 3 1 3 2 4 7
2628 1 1 2 2 2 3 5
2627 2 2 2 2 2 3 6
2626 1 1 1 1 1 2 3
2625 2 1 1 2 2 3 6
2624 3 2 2 2 2 3 6
2623 2 2 2 2 2 3 6
2622 0 1 1 1 1 1 2
2621 2 2 1 2 2 3 6
2620 2 1 1 2 2 3 5
2619 1 1 2 1 1 2 4
2618 3 3 2 3 3 4 7
2617 3 1 1 3 2 3 6
2616 2 2 2 2 2 3 6
2615 2 1 2 2 2 3 5
2614 3 2 3 2 2 3 7
2613 2 1 1 2 2 3 5
2612 3 3 2 2 2 3 6
2611 0 0 1 1 1 1 2
2610 2 2 1 2 2 3 6
2609 3 3 2 3 2 4 7
2608 2 3 1 2 1 3 6
2607 0 1 1 1 0 1 3
2606 2 3 2 2 2 3 7
2605 2 1 1 1 1 2 4
2604 2 2 3 2 2 3 6
2603 1 1 2 2 1 2 4
2602 2 1 1 2 1 2 4
2601 2 2 2 2 2 3 6
2600 2 1 2 1 1 2 5
2599 2 3 2 3 2 4 7
2598 1 1 1 1 1 2 3
2597 2 1 1 2 2 3 5
2596 2 1 1 2 3 3 5
2595 2 3 3 2 2 3 7
2594 3 1 1 3 3 3 7
2593 3 2 1 2 2 4 7
2592 0 1 2 2 1 2 4
2591 2 1 1 1 1 2 4
2589 1 1 2 2 2 2 4
2588 1 1 2 2 1 2 4
2587 1 0 0 0 0 1 2
2586 1 1 1 0 0 1 2
2585 1 2 1 1 1 2 4
2584 1 1 2 2 2 3 5
2583 1 1 1 1 1 2 3
2582 1 2 2 2 2 3 5
2581 1 1 1 1 1 1 3
2580 1 2 2 1 1 2 5
2579 2 1 1 2 2 3 5
2578 1 1 1 1 1 1 3
2577 1 1 2 2 1 3 5
2576 2 1 1 2 2 3 6
2575 1 1 1 2 1 2 4
2574 0 0 1 1 0 1 2
2573 0 1 1 1 1 2 4
2572 2 1 1 2 1 3 5
2571 2 1 2 2 2 3 5
2570 0 1 2 2 1 2 4
2569 2 1 1 2 2 3 6
2568 2 3 3 2 1 3 6
2567 0 0 0 1 1 1 2
2566 2 1 1 2 2 3 5
2565 0 0 1 2 1 2 3
2564 2 2 1 2 1 3 5
2563 1 1 1 1 1 2 3
2562 1 1 1 2 2 2 4
2561 1 2 1 2 2 3 5
2560 2 2 2 2 2 3 6
2559 1 1 1 1 1 2 4
2558 0 1 1 1 1 2 3
