2858 2 1 1 2 2 3 6
2857 1 1 1 1 1 2 3
2856 3 2 2 2 2 4 7
2855 1 2 1 2 1 2 4
2854 2 1 2 2 2 3 5
2853 2 1 1 2 2 3 5
2852 2 1 1 3 3 3 6
2851 1 1 2 1 1 2 4
2850 1 0 1 1 1 2 3
2849 2 1 1 1 1 3 5
2848 2 2 2 2 2 3 5
2847 2 3 3 2 2 3 7
2846 2 1 1 1 1 2 4
2845 1 1 2 2 1 3 5
2844 1 0 1 1 1 1 3
2843 2 2 2 2 2 3 6
2842 2 2 2 2 2 3 6
2841 1 1 1 1 1 2 3
2840 2 2 1 2 2 2 5
2839 2 2 1 2 2 2 5
2838 2 1 2 1 1 2 5
2837 2 3 2 2 2 3 7
2836 1 1 2 2 1 2 4
2835 2 1 1 2 2 3 6
2834 2 2 2 1 1 2 5
2833 1 1 2 2 3 3 5
2832 3 3 2 3 2 4 8
2831 1 0 1 1 1 1 3
2830 0 2 1 0 0 1 2
2829 1 1 1 1 2 2 4
2828 2 1 2 2 2 3 6
2827 2 1 1 2 2 2 5
2826 1 1 1 2 1 2 4
2825 2 2 2 2 2 3 6
2824 3 2 1 2 3 4 7
2823 2 1 1 2 2 2 4
2822 2 2 1 2 2 3 5
2821 0 1 1 1 1 1 3
2820 3 3 3 2 2 3 7
2819 2 1 2 2 2 3 5
2818 0 0 1 2 1 2 3
2817 0 2 1 1 1 1 3
2816 2 1 1 2 2 3 5
2815 1 2 1 1 1 2 4
2814 1 1 1 2 1 2 4
2813 1 1 1 2 2 2 4
2812 1 1 1 1 1 1 3
2811 2 2 1 2 3 3 6
2810 1 1 1 1 0 1 2
2809 1 1 1 2 2 2 4
2808 3 3 3 3 3 4 8
2807 1 1 2 2 1 2 4
2806 1 1 1 2 1 2 4
2805 1 1 1 2 1 2 4
2804 3 2 2 3 2 3 6
2803 1 2 1 1 1 2 4
2802 2 0 0 1 1 1 3
2801 2 1 1 2 2 3 5
2800 1 1 2 2 2 3 5
2799 3 2 2 2 2 3 6
2798 1 2 1 2 1 2 4
2797 1 1 1 2 1 2 4
2796 1 1 1 1 1 2 3
2795 1 1 1 2 1 2 3
2794 2 2 1 2 2 3 5
2793 0 0 1 2 1 2 3
2792 2 1 1 2 2 3 5
2791 1 2 2 2 2 2 5
2790 4 4 3 1 1 3 7
2789 2 1 1 2 2 3 6
2788 2 1 1 2 1 2 4
2787 2 3 2 2 2 4 7
2786 3 1 1 2 2 4 7
2785 3 3 3 3 3 4 8
2784 2 1 1 2 2 3 6
2783 0 1 1 1 0 1 2
2782 3 1 1 4 3 4 8
2781 0 1 1 0 0 1 2
2780 3 2 2 2 2 3 6
2779 1 2 1 1 1 2 4
2778 4 4 2 3 3 4 9
2777 2 1 2 2 2 3 5
2776 2 2 1 2 2 3 6
2775 1 1 1 1 1 1 3
2774 1 1 1 2 1 1 3
2773 1 1 1 2 2 3 5
2772 0 0 1 2 1 2 3
2771 0 0 1 2 1 2 3
2770 2 1 1 2 1 3 6
2769 2 2 1 2 2 3 5
2768 3 3 2 2 1 2 5
2767 1 1 1 1 1 2 3
2766 2 1 1 2 2 3 5
2765 1 1 1 2 2 2 4
2764 2 1 1 2 2 3 5
2763 1 1 1 2 1 2 4
2762 2 0 0 1 1 1 3
2761 1 1 1 1 1 2 3
2760 1 1 2 2 1 2 4
2759 0 1 2 1 0 1 2
2758 3 1 1 3 3 4 8
2757 1 1 1 2 1 2 4
2756 2 1 1 2 2 3 4
2755 2 2 1 2 2 3 6
2754 2 1 1 2 2 3 6
2753 2 3 3 3 2 3 7
2752 1 1 1 1 1 1 3
2751 1 1 3 2 2 3 5
2750 3 2 1 2 2 3 5
2749 2 3 1 2 1 3 6
2748 2 1 2 2 2 2 4
2747 3 1 2 2 2 4 7
2746 3 2 1 2 2 3 6
2745 3 1 1 3 2 4 7
2744 2 1 1 2 2 2 4
2743 3 1 1 3 3 4 7
2742 1 2 2 1 1 2 4
2741 1 2 1 2 1 2 4
2740 2 1 1 1 1 2 4
2739 3 4 1 2 1 3 6
2738 3 3 2 2 2 4 7
2737 1 2 1 1 1 2 4
2736 2 1 1 2 2 3 6
2735 1 2 1 1 1 1 3
2734 3 1 1 3 3 4 8
2733 3 3 3 3 3 4 8
2732 2 1 2 2 2 3 5
2731 3 3 2 3 2 4 7
2730 0 0 1 2 1 2 3
2729 3 3 2 2 2 3 7
2728 0 0 1 1 1 1 3
2727 3 3 1 2 2 3 6
2726 0 1 1 0 0 1 2
2725 2 2 2 2 2 3 5
2724 2 2 1 2 2 3 5
2723 2 1 1 2 1 3 5
2722 0 1 1 2 1 1 3
2721 2 1 1 2 2 3 6
2720 2 2 2 2 2 3 6
2719 2 2 1 2 1 3 5
2718 1 1 1 2 1 2 4
2717 3 1 1 3 3 4 8
2716 2 1 2 2 2 3 5
2715 3 1 1 3 3 4 8
2714 2 1 2 2 2 3 6
2713 2 2 3 2 2 3 7
2712 1 2 2 2 2 3 6
2711 2 2 2 2 2 3 6
2710 2 2 1 2 3 3 5
2709 1 2 1 1 1 2 4
