3008 0 0 1 2 1 2 3
3007 0 0 1 1 1 1 2
3006 3 2 1 2 1 2 5
3005 3 3 2 2 2 4 7
3004 0 2 1 1 1 1 3
3003 0 0 1 2 1 2 3
3002 2 2 2 2 2 3 6
3001 3 3 2 2 2 4 7
3000 1 1 1 2 1 2 4
2999 0 0 1 1 1 1 3
2998 4 3 3 3 3 4 9
2997 4 3 2 3 2 4 8
2996 2 2 1 2 2 3 5
2995 3 1 1 3 3 4 7
2994 1 1 1 1 1 1 3
2993 3 2 3 3 2 3 7
2992 2 3 3 2 2 3 7
2991 2 1 1 2 2 3 5
2990 2 1 1 2 1 3 5
2989 1 2 1 2 1 2 4
2988 2 0 0 1 1 1 3
2987 1 1 1 1 1 2 4
2986 2 2 2 2 2 3 6
2985 1 1 1 2 1 2 4
2984 4 4 2 3 2 4 9
2983 3 2 2 3 1 2 6
2982 0 0 1 1 1 1 2
2981 0 0 1 2 1 2 3
2980 0 1 1 1 1 1 3
2979 0 1 1 2 1 2 4
2978 3 1 2 3 3 4 7
2977 0 0 1 2 1 2 3
2976 1 2 1 2 1 2 4
2975 2 2 1 2 2 3 6
2974 1 1 1 1 1 1 3
2973 2 2 2 2 1 3 5
2972 0 0 1 2 1 2 3
2971 2 1 1 2 2 3 5
2970 2 2 2 1 1 2 5
2969 2 2 1 2 1 3 5
2968 3 3 1 3 2 4 7
2967 3 1 1 3 2 4 7
2966 3 2 1 3 3 3 6
2965 1 1 1 1 1 1 3
2964 1 1 1 2 1 2 4
2963 3 3 3 3 2 4 7
2962 1 2 1 1 1 2 4
2961 0 0 1 1 1 1 2
2960 1 1 2 2 2 2 4
2959 1 1 1 1 1 2 3
2958 1 1 2 2 2 2 4
2957 0 1 1 1 0 1 2
2956 3 3 1 3 3 4 8
2955 2 1 1 1 1 2 5
2954 1 2 1 1 1 2 4
2953 1 2 2 2 2 3 5
2952 3 3 4 2 1 2 6
2951 3 2 2 2 2 4 7
2950 3 2 2 2 2 3 6
2949 0 0 1 1 0 1 2
2948 2 1 2 2 2 3 6
2947 2 3 2 2 2 3 6
2946 1 2 2 2 2 3 5
2945 1 1 2 2 1 3 5
2944 2 1 1 2 2 3 4
2943 3 3 3 3 2 4 8
2942 1 2 1 2 2 2 5
2941 1 1 1 2 1 2 4
2940 1 1 2 2 1 2 4
2939 0 0 1 2 1 2 3
2938 2 1 2 2 1 2 4
2937 2 1 1 2 2 3 5
2936 1 1 1 1 1 2 3
2935 1 1 1 2 1 2 3
2934 1 1 1 2 1 2 4
2933 2 2 1 2 1 2 5
2932 2 1 1 2 2 3 6
2931 1 1 1 1 1 2 4
2930 1 3 1 2 2 3 6
2929 0 1 2 2 1 2 4
2928 2 2 1 2 2 3 6
2927 1 2 1 1 1 2 4
2926 2 1 1 2 1 2 5
2925 2 0 0 1 1 1 3
2924 2 1 1 2 2 3 6
2923 0 1 0 1 1 1 2
2922 0 0 1 1 1 1 2
2921 2 1 1 1 1 2 4
2920 2 2 1 2 1 3 5
2919 1 1 1 1 2 2 4
2918 1 3 3 2 1 3 6
2917 2 2 3 2 2 3 6
2916 2 2 1 2 2 3 6
2915 2 2 3 2 2 3 7
2914 2 2 1 2 2 3 5
2913 2 1 1 2 1 3 5
2912 1 1 1 1 1 2 3
2911 2 2 2 2 2 3 6
2910 3 2 2 2 2 4 7
2909 0 0 0 0 0 0 1
2908 3 3 2 3 2 4 8
2907 2 1 1 2 2 3 6
2906 2 1 1 1 1 3 5
2905 0 1 2 1 1 1 3
2904 0 0 1 2 1 2 3
2903 0 2 1 1 1 1 3
2902 1 1 1 2 2 3 4
2901 0 2 1 1 1 1 3
2900 1 2 2 2 1 2 4
2899 2 2 2 2 2 2 5
2898 1 1 1 2 2 2 4
2897 0 1 1 1 1 1 2
2896 2 2 1 2 2 3 5
2895 3 4 4 3 3 4 9
2894 2 1 1 2 2 2 4
2893 1 1 1 2 1 2 4
2892 1 1 1 1 1 2 3
2891 1 2 2 2 2 2 5
2890 2 1 1 2 3 3 6
2889 0 0 1 0 0 0 1
2888 1 1 1 1 1 2 3
2887 3 3 1 3 2 4 7
2886 1 1 2 2 2 2 4
2885 2 3 2 3 3 3 6
2884 2 1 2 2 2 3 6
2883 1 1 1 1 1 2 4
2882 2 2 2 2 2 3 6
2881 2 2 2 2 2 3 6
2880 1 1 1 1 1 2 4
2879 2 3 2 2 1 2 5
2878 1 2 2 1 1 2 5
2877 2 1 2 2 1 3 5
2876 2 2 1 2 1 3 5
2875 1 1 1 1 1 2 4
2874 1 1 2 2 1 3 5
2873 0 0 0 0 0 0 1
2872 1 2 1 2 2 3 5
2871 2 1 1 2 2 3 5
2870 2 1 1 2 2 3 5
2869 3 4 2 2 2 3 7
2868 0 0 1 2 1 2 3
2867 3 3 3 2 3 3 7
2866 1 1 1 1 1 2 4
2865 0 1 1 2 2 2 4
2864 2 2 1 2 1 2 5
2863 1 2 1 2 1 2 4
2862 0 1 1 2 1 2 4
2861 2 2 3 3 2 3 6
2860 2 1 1 2 2 3 5
2859 1 1 1 1 1 2 3
