3159 3 3 3 2 2 4 8
3158 1 1 1 2 2 2 4
3157 1 1 1 1 0 1 3
3156 1 1 1 1 1 2 4
3155 0 1 1 3 1 2 4
3154 3 2 2 3 2 4 7
3153 1 0 1 2 1 2 4
3152 0 0 1 2 1 1 3
3151 3 2 2 4 2 4 7
3150 3 2 2 3 2 4 7
3149 2 2 1 2 1 2 5
3148 3 3 2 3 2 4 8
3147 2 2 1 3 2 4 6
3146 4 3 3 3 2 4 8
3145 0 1 1 2 1 2 4
3144 1 1 1 2 1 2 4
3143 2 2 1 2 1 3 5
3142 3 2 2 3 2 4 7
3141 1 1 2 2 3 3 5
3140 1 1 1 1 1 1 3
3139 2 1 1 2 1 2 4
3138 2 2 1 2 2 3 6
3137 1 2 2 2 2 3 6
3136 3 2 1 3 2 3 6
3135 1 2 2 1 1 2 5
3134 2 2 2 3 3 4 7
3133 2 2 1 2 1 3 5
3132 1 1 1 2 2 2 4
3131 2 2 1 2 2 3 6
3130 0 0 0 0 0 0 1
3129 1 1 2 2 2 2 4
3128 2 2 2 3 1 3 6
3127 2 2 1 1 1 2 4
3126 1 2 1 2 2 3 5
3125 2 2 1 3 3 3 6
3124 0 1 2 3 1 2 5
3123 3 2 1 2 2 3 6
3122 1 1 2 1 1 2 4
3121 1 1 1 2 1 2 4
3120 3 3 1 3 2 4 7
3119 2 1 2 2 2 3 5
3118 2 2 1 3 3 3 6
3117 3 2 2 2 1 2 6
3116 4 4 2 2 1 4 8
3115 2 2 1 2 1 3 5
3114 2 1 2 2 1 3 6
3113 3 3 3 2 2 4 7
3111 1 2 2 1 1 3 5
3110 2 2 2 2 3 3 6
3109 2 3 3 3 2 3 7
3108 1 1 1 1 1 2 4
3107 2 2 2 2 2 3 6
3106 1 1 1 1 1 1 3
3105 1 1 1 1 1 2 3
3104 1 1 2 2 2 3 5
3103 3 3 2 3 3 3 7
3102 2 2 1 2 1 3 5
3101 1 0 1 1 1 2 3
3100 1 1 1 1 2 2 4
3099 2 1 1 2 2 2 4
3098 2 2 2 3 2 3 6
3097 0 1 1 2 1 2 4
3096 0 1 1 1 1 1 3
3095 3 2 1 3 2 2 6
3094 2 2 2 3 3 3 6
3093 3 3 1 3 2 4 7
3092 1 1 2 2 1 2 4
3091 2 2 1 3 2 3 5
3090 2 1 1 1 1 2 4
3089 2 2 1 2 2 3 6
3088 2 1 1 2 1 3 5
3087 0 1 1 1 1 2 3
3086 1 1 1 2 2 3 5
3085 0 2 3 3 1 3 6
3084 1 2 2 2 1 3 5
3083 3 2 1 3 2 4 7
3082 2 1 1 3 2 2 5
3081 3 3 2 3 2 4 7
3080 1 1 2 2 1 2 4
3079 4 3 3 3 3 4 8
3078 1 1 1 1 1 2 4
3077 3 3 1 2 1 3 6
3076 3 3 3 3 3 4 8
3075 4 4 3 3 2 4 9
3074 1 1 1 2 2 3 4
3073 2 2 2 2 1 3 6
3072 0 1 1 1 1 1 3
3071 1 1 1 1 1 2 4
3070 0 1 1 1 1 1 3
3069 2 2 1 2 2 3 5
3068 0 0 1 3 1 2 4
3067 1 1 2 2 2 2 4
3066 1 2 2 2 1 2 5
3065 2 2 1 2 1 2 4
3064 0 0 1 3 1 2 4
3063 1 0 1 2 1 2 4
3062 2 1 1 1 1 2 4
3061 1 1 2 2 2 2 4
3060 2 1 1 2 2 3 6
3059 2 2 2 2 1 3 5
3058 2 2 2 2 1 3 5
3057 2 1 2 2 2 3 6
3056 2 2 2 2 1 3 5
3055 1 1 1 1 2 2 4
3054 1 1 1 1 1 1 3
3053 1 1 1 2 1 2 4
3052 2 2 1 3 2 3 6
3051 2 2 2 3 2 3 6
3050 1 1 1 1 1 2 4
3049 2 2 2 2 2 3 6
3048 2 1 1 3 3 3 6
3047 1 1 1 2 1 2 4
3046 3 4 3 3 3 4 8
3045 1 1 2 2 1 2 4
3044 1 1 1 1 1 2 3
3043 0 1 1 2 1 2 4
3042 2 2 2 2 2 3 6
3041 1 1 1 1 1 2 4
3040 2 1 1 2 3 3 6
3039 3 3 2 2 1 3 7
3038 2 2 1 2 2 3 5
3037 1 2 2 1 1 3 5
3036 1 1 1 1 1 1 3
3035 1 2 2 1 1 2 4
3034 1 1 1 1 1 2 4
3033 0 0 1 2 1 2 3
3032 3 4 3 2 1 4 8
3031 2 1 1 1 1 3 5
3030 1 2 2 2 1 3 5
3029 2 1 1 3 2 3 6
3028 2 2 2 2 1 3 5
3027 2 2 2 2 2 2 5
3026 1 1 2 2 1 3 4
3025 4 4 3 3 1 4 9
3024 1 1 1 1 1 2 4
3023 2 2 1 2 2 3 6
3022 0 2 2 2 2 3 5
3021 0 0 1 3 1 2 4
3020 2 2 1 2 2 3 5
3019 1 1 1 1 1 2 3
3018 2 2 1 3 2 4 6
3017 0 0 1 2 1 1 2
3016 0 2 3 2 1 3 6
3015 1 1 1 1 1 2 4
3014 3 3 2 3 2 4 7
3013 1 1 1 2 2 2 4
3012 0 2 2 2 2 3 5
3011 1 1 1 1 1 2 3
3010 1 1 1 0 0 1 2
3009 3 3 2 2 1 3 6
