3309 3 3 3 3 1 4 8
3308 2 1 2 2 1 3 5
3307 1 1 1 1 1 2 4
3306 0 1 1 3 1 2 4
3305 2 1 1 2 2 2 5
3304 1 1 1 1 1 2 4
3303 2 2 2 2 1 3 5
3302 2 3 2 3 2 4 7
3301 2 2 2 3 3 3 6
3300 1 2 1 2 1 2 5
3299 2 1 1 2 2 3 5
3298 3 2 2 3 2 4 6
3297 2 2 2 2 2 3 5
3296 2 2 1 2 2 3 5
3295 1 1 0 1 1 1 3
3294 3 2 2 4 3 4 8
3293 3 3 2 3 2 4 7
3292 1 1 1 1 1 1 3
3291 2 2 1 2 1 2 4
3290 1 1 1 1 1 1 3
3289 1 1 1 1 1 1 3
3288 2 2 2 2 2 3 6
3287 1 1 1 1 1 1 3
3286 2 1 1 2 2 2 5
3285 1 2 2 2 1 2 4
3284 4 4 3 3 1 3 8
3283 1 1 1 2 1 3 4
3282 1 2 1 2 2 3 5
3281 1 1 2 2 1 3 5
3280 2 1 1 2 2 2 5
3279 2 2 1 2 1 3 5
3278 2 2 1 2 2 3 6
3277 2 2 2 2 1 3 5
3276 1 1 1 1 1 1 3
3275 1 2 2 2 1 2 5
3274 1 1 1 2 1 3 4
3273 1 2 2 1 1 2 4
3272 1 1 1 1 2 2 4
3271 4 4 4 3 3 4 9
3270 2 2 2 2 1 3 6
3269 3 3 1 2 2 4 7
3268 3 3 2 3 2 4 8
3267 0 1 1 2 1 2 4
3266 3 2 2 2 2 2 6
3265 2 3 2 2 1 3 6
3264 1 2 1 2 1 2 4
3263 1 2 2 1 1 1 4
3262 3 3 3 3 2 4 7
3261 1 1 1 2 1 2 4
3260 2 1 2 2 2 2 5
3259 1 0 1 2 1 2 4
3258 2 2 2 3 2 3 6
3257 2 2 2 2 1 3 6
3256 1 1 1 1 1 2 3
3255 1 1 1 1 1 1 3
3254 3 2 2 2 1 3 6
3253 1 0 1 2 1 2 4
3252 2 2 2 3 2 3 6
3251 2 2 1 2 1 3 4
3250 1 2 1 2 1 2 4
3249 1 1 2 2 2 2 4
3248 1 2 1 2 1 2 4
3247 1 1 2 2 1 2 4
3246 2 3 2 2 2 4 7
3245 2 1 1 2 3 3 6
3244 0 0 1 1 0 1 2
3243 2 2 1 1 1 2 4
3242 1 1 1 1 1 2 3
3241 2 2 2 2 1 3 5
3240 1 1 1 1 1 2 3
3239 1 1 1 2 1 2 4
3238 2 2 2 2 1 2 5
3237 2 3 2 2 2 3 6
3236 0 1 1 1 1 1 2
3235 1 2 1 2 2 3 5
3234 2 2 2 2 1 3 5
3233 1 1 1 1 1 2 3
3232 4 4 3 3 3 4 9
3231 2 2 1 2 2 3 6
3230 3 2 2 2 1 2 6
3229 4 4 4 3 3 4 9
3228 1 1 1 2 1 2 4
3227 1 1 1 1 1 2 4
3226 3 3 1 3 2 4 7
3225 2 2 2 1 1 2 5
3224 2 2 2 2 1 3 5
3223 2 1 1 1 1 2 4
3222 2 2 1 2 1 3 5
3221 1 1 0 1 1 1 3
3220 2 2 2 3 3 3 6
3219 1 1 2 2 2 3 5
3218 1 1 1 1 1 2 3
3217 2 1 1 2 2 4 6
3216 3 3 2 2 1 3 6
3215 0 0 1 2 1 2 3
3214 1 1 1 2 2 2 4
3213 2 3 2 2 1 3 6
3212 1 2 2 2 1 3 5
3211 1 2 3 3 3 3 6
3210 2 1 1 2 2 3 6
3209 1 2 1 2 2 3 5
3208 1 2 1 2 2 3 5
3207 2 1 1 2 1 3 6
3206 2 2 1 2 1 2 4
3205 2 2 1 2 2 3 5
3204 1 2 1 1 1 1 3
3203 3 2 2 2 2 2 6
3202 2 2 2 1 1 3 5
3201 1 2 2 2 1 2 5
3200 0 0 1 3 1 2 4
3199 1 1 1 2 1 2 4
3198 1 1 1 1 1 2 3
3197 3 2 2 2 1 3 6
3196 2 2 2 2 1 3 5
3195 0 2 2 3 1 3 5
3194 3 3 2 2 2 4 7
3193 0 2 2 3 1 3 5
3192 1 1 2 2 2 3 5
3191 1 2 1 1 1 2 4
3190 4 4 2 3 2 4 8
3189 1 1 1 2 2 3 5
3188 1 1 1 1 1 1 3
3187 1 0 1 1 1 2 3
3186 1 1 2 2 1 3 5
3185 1 0 1 2 0 1 2
3184 3 2 2 2 2 3 7
3183 2 3 2 2 1 3 6
3182 1 1 1 2 1 3 4
3181 2 2 2 2 2 3 5
3180 3 2 2 2 1 2 6
3179 0 1 1 1 1 2 3
3178 0 1 2 2 1 3 5
3177 1 1 1 2 1 2 4
3176 0 0 1 1 0 1 2
3175 2 1 1 2 1 2 4
3174 2 1 2 2 2 3 5
3173 1 1 1 2 1 2 4
3172 2 2 2 2 1 3 5
3171 3 2 1 3 2 4 7
3170 2 2 1 2 1 3 5
3169 2 2 2 3 3 3 6
3168 0 1 1 1 1 1 2
3167 2 1 1 2 1 3 6
3166 0 1 2 2 1 2 4
3165 1 1 1 2 1 3 5
3164 2 2 1 2 1 3 5
3163 0 0 1 3 1 2 3
3162 2 2 2 2 2 3 6
3161 2 2 2 2 2 3 6
3160 1 1 1 1 1 2 4
