3459 1 1 1 1 1 2 4
3458 2 2 2 2 2 3 6
3457 1 1 1 2 1 2 4
3456 1 0 1 2 1 2 3
3455 3 2 1 3 2 4 6
3454 1 2 2 1 1 2 4
3453 0 1 1 1 0 1 2
3452 2 2 1 2 2 3 5
3451 2 2 2 2 2 3 6
3450 2 2 1 1 1 3 4
3449 3 2 2 3 1 4 7
3448 1 1 1 2 2 3 5
3447 2 2 1 1 1 2 4
3446 2 1 1 2 1 3 5
3445 3 3 1 3 2 4 7
3444 3 3 1 2 1 3 6
3443 1 1 1 2 1 2 4
3442 0 2 2 2 2 3 6
3441 1 1 1 1 1 2 3
3440 1 1 2 2 1 3 5
3439 0 0 1 2 1 2 3
3438 1 2 2 2 1 2 4
3437 1 1 1 1 1 1 3
3436 2 1 2 2 1 3 5
3435 3 2 2 2 1 3 6
3434 2 2 1 2 2 3 6
3433 2 2 2 2 1 3 5
3432 2 3 2 2 2 4 7
3431 2 1 1 2 1 3 6
3430 2 1 2 2 2 3 5
3429 1 1 1 2 2 3 5
3428 2 2 1 2 1 3 5
3427 1 1 2 2 1 2 4
3426 3 3 2 3 1 4 7
3425 0 1 2 2 1 2 4
3424 2 1 1 3 1 3 5
3423 1 3 3 2 1 3 6
3422 3 3 2 3 1 3 6
3421 1 1 1 2 2 2 4
3420 3 2 2 3 2 4 7
3419 2 1 1 1 1 2 4
3418 1 2 2 1 1 3 5
3417 1 2 1 2 2 3 6
3416 2 1 1 2 1 3 5
3415 1 1 1 2 1 2 4
3414 3 2 2 2 2 3 6
3413 2 2 2 2 2 4 6
3412 1 1 2 2 1 2 4
3411 2 1 1 2 2 3 6
3410 3 3 1 3 2 3 6
3409 3 2 1 3 2 4 7
3408 1 2 2 2 1 2 4
3407 3 3 1 2 1 2 6
3406 0 1 1 3 1 2 4
3405 0 1 1 1 1 1 2
3404 2 2 1 2 1 3 5
3403 2 2 1 2 1 2 5
3402 1 1 1 0 0 1 2
3401 1 1 1 1 1 2 4
3400 2 2 1 2 2 3 5
3399 1 3 3 2 2 3 6
3398 2 1 1 2 1 2 4
3397 2 2 2 2 1 3 6
3396 2 2 2 2 1 3 5
3395 2 2 1 2 2 3 6
3394 0 0 1 3 1 2 4
3393 4 4 2 3 1 4 9
3392 3 1 1 2 1 3 5
3391 0 0 1 1 1 1 2
3390 3 3 2 3 2 4 7
3389 1 1 1 2 1 2 4
3388 0 0 1 2 1 1 3
3387 2 1 1 2 1 3 6
3386 2 2 1 2 2 3 5
3385 1 0 1 2 2 2 4
3384 1 1 1 2 1 2 4
3383 0 3 3 1 1 2 6
3382 2 2 1 2 1 3 5
3381 1 1 1 1 1 1 3
3380 2 2 1 2 1 2 5
3379 0 0 1 3 1 2 3
3378 2 1 1 2 1 3 4
3377 1 2 2 2 2 3 6
3376 0 0 1 2 1 1 3
3375 4 4 4 3 3 4 9
3374 1 1 1 2 2 2 4
3373 3 3 2 2 2 4 7
3372 4 4 2 3 2 4 8
3371 0 0 1 3 1 2 4
3370 2 2 1 2 1 3 5
3369 4 4 3 3 2 4 9
3368 2 3 2 2 2 3 6
3367 1 1 1 2 2 2 4
3366 2 2 1 2 2 3 5
3365 0 0 1 1 1 1 2
3364 2 3 1 2 1 3 6
3363 2 2 2 2 1 3 5
3362 3 3 2 2 2 4 7
3361 0 1 1 3 1 2 4
3360 2 1 2 2 2 2 5
3359 2 1 1 1 1 2 3
3358 1 1 1 1 1 1 3
3357 2 1 1 2 2 3 5
3356 1 2 1 2 2 3 5
3355 2 2 1 2 1 3 5
3354 2 2 1 2 2 3 5
3353 2 2 1 2 1 2 4
3352 2 2 1 2 2 3 5
3351 1 0 1 2 1 2 4
3350 3 2 1 3 2 4 6
3349 3 3 2 3 1 3 6
3348 2 2 1 2 2 3 5
3347 3 4 3 3 1 2 7
3346 2 2 2 2 2 3 6
3345 1 1 1 2 1 2 3
3344 1 1 1 2 1 2 4
3343 2 2 2 3 3 4 7
3342 1 1 1 2 1 2 4
3341 2 2 2 2 2 3 6
3340 0 0 1 2 1 1 3
3339 1 1 2 2 1 3 5
3338 2 2 2 2 1 3 5
3337 4 4 4 3 2 4 10
3336 2 2 1 2 1 3 5
3335 1 3 1 2 3 4 7
3334 3 3 1 3 3 3 6
3333 1 1 1 2 1 2 4
3332 3 2 1 4 2 4 7
3331 2 1 2 2 2 3 6
3330 1 2 1 2 2 3 4
3329 2 2 1 2 2 3 5
3328 1 1 1 2 1 2 4
3327 1 1 1 1 1 2 3
3326 0 2 2 2 1 3 5
3325 2 3 3 2 2 3 6
3324 1 2 1 1 1 2 3
3323 2 1 2 2 1 3 5
3322 3 2 2 2 2 2 6
3321 2 2 2 1 2 3 5
3320 1 1 1 2 1 2 4
3319 0 1 1 1 1 1 3
3318 3 3 2 2 1 3 6
3317 1 2 2 2 2 3 5
3316 0 1 1 0 0 1 2
3315 3 4 3 3 2 4 8
3314 1 1 2 2 1 3 4
3313 1 1 1 2 2 3 5
3312 3 2 1 4 3 4 8
3311 0 2 2 2 1 2 4
3310 2 2 1 2 3 3 6
