3609 2 1 1 2 2 3 5
3608 2 2 1 2 1 3 5
3607 1 2 1 1 1 2 4
3606 2 1 1 3 2 3 6
3605 1 2 1 1 1 1 3
3604 1 1 2 2 2 3 5
3603 2 2 1 2 2 3 5
3602 2 1 1 2 1 3 5
3601 2 2 1 2 2 3 5
3600 3 2 1 2 1 3 6
3599 1 1 2 2 2 3 5
3598 2 1 1 2 1 2 4
3597 2 1 1 2 2 3 5
3596 1 1 1 1 1 2 4
3595 1 0 1 1 1 1 3
3594 3 3 2 2 2 4 7
3593 2 2 1 2 2 3 6
3592 1 1 1 2 1 2 4
3591 0 1 0 0 0 1 2
3590 1 2 2 1 1 1 3
3589 2 2 2 2 1 3 6
3588 1 2 1 1 1 2 4
3587 0 0 1 2 1 2 4
3586 2 2 1 1 1 3 5
3585 2 1 2 2 1 3 5
3584 2 1 0 2 2 3 5
3583 2 1 1 1 2 3 5
3582 2 1 1 1 1 2 4
3581 3 3 2 2 2 4 7
3580 1 1 1 2 1 2 4
3579 1 1 1 2 1 2 4
3578 4 4 2 3 2 4 9
3577 2 2 1 3 2 3 5
3576 1 0 0 1 1 1 3
3575 2 2 1 2 2 3 5
3574 1 1 1 1 1 1 3
3573 3 1 1 2 2 3 6
3572 1 3 2 1 1 2 5
3571 1 1 2 2 1 3 5
3570 2 1 1 2 1 2 4
3569 2 1 1 2 1 2 4
3568 3 2 2 2 2 4 7
3567 3 3 2 3 2 4 7
3566 1 2 1 2 1 2 4
3565 2 1 1 2 2 3 5
3564 1 2 2 1 1 2 4
3563 2 2 2 2 2 3 6
3562 1 2 3 2 2 3 6
3561 1 0 1 2 1 2 4
3560 1 2 1 1 2 2 4
3559 3 2 2 3 2 3 6
3558 0 0 1 2 1 2 4
3557 2 2 1 2 1 3 5
3556 2 2 2 2 2 3 6
3555 1 1 1 1 0 1 3
3554 0 0 1 2 1 3 4
3553 0 0 0 0 0 0 1
3552 3 2 1 2 2 4 7
3551 1 1 1 1 1 2 4
3550 1 2 1 1 1 1 3
3549 2 2 2 2 2 3 6
3548 2 2 1 2 2 3 5
3547 2 2 2 2 1 3 5
3546 2 1 1 2 2 3 5
3545 3 3 1 2 2 4 6
3544 1 1 1 1 1 1 3
3543 2 1 1 2 2 3 5
3542 3 2 1 2 2 3 6
3541 1 1 1 1 1 2 3
3540 2 2 1 2 2 3 5
3539 2 1 1 2 1 3 5
3538 2 1 1 3 2 3 5
3537 2 2 2 2 2 3 6
3536 3 3 2 3 2 4 7
3535 3 3 2 3 2 3 7
3534 2 2 1 2 1 2 4
3533 2 1 1 2 1 2 4
3532 2 2 1 2 1 2 5
3531 0 1 1 1 1 1 2
3530 3 4 3 3 3 4 9
3529 1 1 1 2 2 3 5
3528 3 1 1 3 2 4 7
3527 1 2 1 1 1 1 3
3526 1 2 1 1 1 2 4
3525 2 1 1 3 2 3 6
3524 2 3 2 2 2 4 7
3523 1 1 1 2 1 2 3
3522 2 2 2 2 2 3 6
3521 3 2 1 2 2 4 6
3520 0 1 1 0 0 1 2
3519 2 3 3 2 1 3 7
3518 3 3 2 2 2 4 7
3517 1 1 1 2 1 2 4
3516 1 2 1 2 1 2 4
3515 2 3 1 2 2 3 6
3514 1 1 1 1 1 2 3
3513 1 1 1 1 1 2 3
3512 3 2 1 3 3 3 6
3511 2 2 1 2 1 2 4
3510 1 1 1 2 1 2 4
3509 3 2 1 2 2 4 7
3508 2 1 1 2 1 3 5
3507 3 1 1 3 3 4 6
3506 1 2 1 1 1 2 4
3505 3 2 2 2 3 4 7
3504 2 1 1 2 1 3 5
3503 2 2 1 2 2 3 5
3502 1 3 2 1 2 3 6
3501 1 2 1 2 2 2 5
3500 3 1 1 2 2 4 6
3499 3 1 2 2 1 2 5
3498 1 0 1 1 2 2 3
3497 3 2 1 2 2 4 6
3496 0 0 0 0 0 0 0
3495 1 1 1 2 1 2 3
3494 2 1 1 1 1 2 4
3493 0 0 1 1 1 2 3
3492 1 2 1 2 1 2 4
3491 0 0 1 2 1 2 4
3490 4 3 2 3 2 4 8
3489 2 1 1 2 2 3 5
3488 3 3 2 2 2 4 7
3487 1 2 1 1 1 2 4
3486 0 1 1 1 0 1 3
3485 1 2 1 2 1 2 4
3484 3 1 1 2 2 3 5
3483 2 2 1 2 2 3 5
3482 1 1 1 1 1 2 3
3481 2 1 1 1 2 2 4
3480 2 2 1 2 2 3 6
3479 0 0 0 1 0 0 1
3478 4 4 2 2 2 4 8
3477 2 2 1 1 1 3 5
3476 1 1 1 1 1 2 4
3475 1 2 1 1 1 2 4
3474 0 0 1 2 1 3 4
3473 2 1 1 2 1 3 4
3472 2 3 2 3 2 4 7
3471 2 1 1 2 2 3 5
3470 1 1 2 2 1 3 5
3469 2 1 1 2 1 3 5
3468 3 2 2 2 2 3 6
3467 3 2 2 3 3 4 7
3466 0 0 1 2 1 3 4
3465 2 1 1 2 2 3 5
3464 0 1 1 2 1 2 4
3463 0 1 1 2 1 2 4
3462 3 3 2 2 2 4 7
3461 3 1 1 3 2 4 7
3460 3 3 1 2 2 4 7
