3760 3 2 2 2 1 3 6
3759 1 2 2 1 1 1 3
3758 2 2 1 2 2 3 5
3757 3 1 1 3 2 4 7
3756 1 2 1 2 1 2 4
3755 2 1 2 2 1 3 5
3754 2 2 2 2 1 3 5
3753 0 0 1 1 0 1 2
3752 1 1 1 2 1 2 4
3751 1 2 1 1 1 2 3
3750 2 1 1 2 1 3 5
3749 2 3 2 2 2 3 6
3748 1 2 2 1 1 2 4
3747 1 1 1 2 2 2 4
3746 1 3 2 1 1 2 5
3745 2 2 1 2 1 3 5
3744 3 1 1 2 3 4 7
3743 1 2 3 2 1 3 6
3742 2 1 2 2 1 3 5
3741 2 1 1 2 2 2 4
3740 2 1 1 1 2 2 4
3739 0 1 0 0 0 1 2
3738 1 1 1 2 1 2 4
3736 2 2 2 2 2 3 6
3735 1 2 1 1 1 2 4
3734 1 2 1 2 1 2 4
3733 1 1 1 1 1 2 3
3732 3 4 3 2 2 4 8
3731 0 2 2 0 0 0 1
3730 2 2 2 2 2 3 5
3729 1 2 1 2 1 2 4
3728 2 1 1 2 1 3 5
3727 2 2 1 1 1 3 5
3726 1 1 2 2 2 3 5
3725 3 1 2 3 2 4 7
3724 0 2 1 0 0 1 2
3723 0 0 1 2 1 2 3
3722 2 2 1 2 1 2 5
3721 2 2 1 2 1 3 5
3720 2 1 1 1 1 2 4
3719 2 2 2 2 2 3 6
3718 2 2 1 2 2 3 5
3717 4 4 2 3 3 4 9
3716 0 0 1 1 0 1 2
3715 3 3 2 3 3 4 7
3714 1 1 1 2 1 2 3
3713 2 3 2 2 2 4 7
3712 3 2 1 2 2 4 6
3711 2 1 2 2 1 3 5
3710 2 2 1 2 2 3 5
3709 1 1 1 1 2 2 4
3708 2 2 1 2 1 3 5
3707 1 2 2 2 1 3 5
3706 2 3 2 2 2 3 6
3705 0 1 2 2 1 2 4
3704 3 3 2 2 2 4 7
3703 2 2 1 1 1 3 5
3702 2 3 2 2 2 4 7
3701 2 2 1 2 1 3 5
3700 2 1 1 1 1 2 4
3699 2 2 1 2 1 3 5
3698 1 1 2 2 1 3 5
3697 1 2 1 1 1 1 3
3696 1 1 1 2 1 2 4
3695 2 2 1 2 2 3 5
3694 2 2 1 1 1 2 4
3693 0 0 1 2 1 3 4
3692 1 2 1 1 2 2 4
3691 3 2 1 2 2 4 6
3690 2 1 1 3 2 3 6
3689 1 1 1 1 1 2 3
3688 3 1 1 3 2 4 7
3687 4 3 1 2 2 4 7
3686 2 2 1 2 2 3 5
3685 2 2 1 1 1 3 5
3684 2 1 1 2 2 3 5
3683 3 3 2 2 2 3 6
3682 1 1 1 2 2 2 4
3681 3 1 1 3 2 4 7
3680 2 2 1 2 2 3 6
3679 1 1 1 1 1 2 3
3678 3 2 2 2 2 3 6
3677 0 2 1 0 0 1 2
3676 2 2 2 1 2 2 5
3675 0 1 0 1 1 1 2
3674 1 1 1 2 1 2 4
3673 2 2 2 2 1 3 5
3672 1 1 1 2 2 2 4
3671 1 1 1 1 1 2 3
3670 1 1 1 1 1 1 3
3669 1 1 1 2 2 2 4
3668 1 0 0 1 0 1 2
3667 2 2 1 2 2 3 5
3666 1 0 1 1 1 2 3
3665 2 1 1 1 2 3 5
3664 1 2 1 1 1 2 3
3663 1 2 2 2 1 2 4
3662 0 1 1 1 1 1 2
3661 3 3 2 2 2 4 6
3660 3 2 1 2 2 3 6
3659 3 3 2 2 3 4 8
3658 1 1 2 1 2 2 4
3657 1 1 1 1 1 1 3
3656 0 0 1 2 1 3 4
3655 2 2 2 2 2 3 5
3654 2 2 1 1 1 2 4
3653 2 1 1 2 2 3 5
3652 2 2 2 2 2 3 6
3651 3 3 2 2 2 3 7
3650 2 3 1 2 2 3 6
3649 2 1 2 2 2 3 5
3648 4 1 1 3 3 4 8
3647 3 3 1 2 1 2 5
3646 2 2 2 2 2 3 5
3645 1 1 1 1 1 2 3
3644 1 3 1 2 1 3 5
3643 0 0 0 0 0 0 1
3642 3 3 1 3 3 3 6
3641 1 1 1 2 1 2 4
3640 1 1 1 2 1 2 4
3639 2 2 1 1 1 3 5
3638 1 2 1 1 1 2 4
3637 3 4 1 1 1 2 6
3636 3 2 1 2 2 4 7
3635 3 3 2 2 2 2 5
3634 1 1 2 2 2 3 5
3633 1 2 1 1 1 2 4
3632 1 1 1 1 1 2 3
3631 3 1 1 2 2 3 6
3630 2 1 2 2 2 3 5
3629 1 1 1 1 1 2 3
3628 4 4 2 3 2 4 8
3627 2 1 1 2 1 3 5
3626 0 2 1 0 0 1 2
3625 1 1 2 2 1 2 4
3624 0 1 2 2 1 2 4
3623 1 2 1 1 1 2 4
3622 2 1 1 1 1 2 4
3621 1 1 2 2 1 2 4
3620 1 1 1 1 1 1 3
3619 2 3 2 2 2 3 6
3618 0 0 1 2 1 3 4
3617 4 4 3 2 2 4 9
3616 3 1 1 3 2 4 7
3615 1 1 2 2 2 3 5
3614 2 1 1 1 1 3 5
3613 2 2 1 2 2 3 5
3612 1 1 1 1 1 2 4
3611 1 3 2 1 1 2 5
3610 1 1 1 2 1 2 4
