3910 2 2 1 2 2 3 5
3909 3 3 2 3 2 4 8
3908 2 1 1 2 1 3 5
3907 3 2 2 2 2 4 7
3906 3 2 2 2 2 3 6
3905 2 1 1 3 3 4 7
3904 2 2 1 2 2 3 5
3903 1 0 1 1 1 2 3
3902 2 2 1 2 2 3 5
3901 1 2 2 2 1 2 4
3900 0 2 1 0 0 1 2
3899 4 3 3 3 2 4 8
3898 1 1 1 1 1 1 3
3897 3 1 1 3 3 4 8
3896 4 2 4 3 2 3 7
3895 2 2 1 2 1 2 5
3894 2 2 2 2 2 4 7
3893 2 1 1 2 1 3 5
3892 0 1 1 1 1 1 2
3891 1 1 1 1 1 1 3
3890 2 2 1 2 2 3 5
3889 2 3 1 1 1 2 4
3888 2 2 1 2 2 3 5
3887 2 2 1 2 2 3 5
3886 1 1 1 1 1 2 3
3885 2 1 2 2 2 3 6
3884 3 3 3 2 2 4 7
3883 2 3 2 2 2 3 6
3882 2 2 2 2 2 2 5
3881 4 4 1 3 2 4 8
3880 1 1 2 2 2 2 4
3879 3 1 1 3 2 4 7
3878 1 1 1 2 1 2 4
3877 2 1 2 2 2 3 5
3876 2 1 1 1 1 2 4
3875 1 2 1 0 0 0 1
3874 0 0 1 2 1 2 3
3873 1 1 3 2 2 3 5
3872 2 2 2 2 2 3 5
3871 1 0 1 1 1 2 3
3870 0 0 1 2 1 3 4
3869 3 1 1 3 3 4 7
3868 3 3 3 3 2 4 8
3867 2 1 1 3 2 3 5
3866 1 1 1 2 2 2 4
3865 2 2 1 2 2 3 5
3864 3 1 1 2 2 3 6
3863 1 1 1 1 1 2 3
3862 2 2 1 2 1 3 5
3861 1 1 1 1 1 2 3
3860 2 1 1 1 1 2 4
3859 2 3 2 2 1 1 4
3858 1 2 1 2 1 2 4
3857 3 3 2 3 3 4 7
3856 3 2 1 2 2 4 6
3855 1 1 1 1 1 2 3
3854 1 1 1 1 1 2 3
3853 2 2 2 2 1 3 5
3852 3 4 3 2 2 4 8
3851 1 1 1 1 1 2 3
3850 0 1 1 1 1 2 3
3849 2 2 2 2 2 3 5
3848 1 1 1 1 1 2 3
3847 2 1 2 2 2 3 5
3846 2 3 2 2 1 3 6
3845 2 2 1 2 3 3 6
3844 2 2 1 1 1 2 4
3843 2 3 2 2 2 3 6
3842 2 2 1 2 2 3 5
3841 2 2 2 2 1 3 5
3840 3 2 1 2 2 4 6
3839 2 1 1 2 1 2 4
3838 1 3 2 1 1 1 4
3837 1 2 1 1 1 2 4
3836 1 1 1 1 1 3 4
3835 2 2 2 2 1 3 5
3834 2 1 2 2 2 3 5
3833 0 0 1 2 1 2 4
3832 0 1 2 2 0 1 3
3831 2 2 2 3 3 3 6
3830 1 2 1 1 1 2 4
3829 2 2 1 1 1 2 5
3828 1 2 1 1 1 2 4
3827 3 2 1 3 2 3 6
3826 1 1 1 1 1 2 3
3825 2 2 2 2 1 3 5
3824 1 2 1 1 1 2 4
3823 1 3 2 1 1 2 5
3822 2 1 2 1 1 3 5
3821 2 1 1 1 1 2 4
3820 1 2 1 1 1 2 4
3819 2 2 1 2 1 3 5
3818 2 2 2 2 2 3 6
3817 3 1 1 3 2 4 6
3816 2 2 2 2 1 3 6
3815 2 2 1 2 2 3 5
3814 1 1 1 2 1 1 3
3813 3 3 1 3 2 4 7
3812 2 2 1 2 2 3 5
3811 1 1 1 1 1 2 4
3810 3 1 1 2 2 4 6
3809 0 0 1 2 1 2 4
3808 3 2 1 2 2 3 6
3807 1 2 3 2 2 3 6
3806 1 2 2 2 2 3 5
3805 2 1 1 2 1 3 5
3804 2 2 2 2 1 3 5
3803 2 1 1 2 1 3 5
3802 2 2 1 2 2 3 5
3801 2 2 1 2 2 3 6
3800 1 1 1 2 1 2 3
3799 2 2 1 2 1 2 4
3798 3 2 1 2 2 3 6
3797 1 2 1 2 1 2 4
3796 2 2 2 2 1 3 5
3795 2 2 1 3 2 3 6
3794 3 1 2 3 2 4 7
3793 1 0 1 1 1 1 2
3792 3 2 1 2 2 3 5
3791 2 2 1 3 3 3 6
3790 4 4 1 2 2 3 7
3789 1 2 1 2 2 2 4
3788 2 2 2 2 1 3 6
3787 2 1 0 1 1 2 4
3786 2 1 1 2 1 3 5
3785 2 2 1 1 1 2 4
3784 2 1 2 2 2 3 5
3783 3 3 2 2 2 4 7
3782 3 3 1 2 2 4 7
3781 1 2 1 1 1 2 4
3780 2 1 1 2 2 3 5
3779 0 0 1 1 1 2 3
3778 2 2 1 2 2 3 5
3777 1 2 1 1 0 1 3
3776 2 2 2 1 1 3 5
3775 1 1 1 2 1 3 4
3774 2 1 1 2 2 3 6
3773 2 2 1 2 1 2 4
3772 1 1 1 1 1 2 3
3771 0 0 1 2 1 3 4
3770 2 3 2 2 2 3 6
3769 1 1 1 1 1 2 3
3768 3 3 1 1 1 2 6
3767 1 1 1 1 1 2 4
3766 3 1 2 3 2 4 7
3765 1 1 1 2 1 2 4
3764 3 2 2 2 2 3 6
3763 2 2 2 2 1 3 6
3762 2 2 1 2 2 3 5
3761 0 0 1 2 1 3 4
