4060 2 2 1 2 2 3 5
4059 3 3 2 2 1 3 6
4058 1 2 1 2 2 3 5
4057 2 1 1 1 1 2 4
4056 1 2 1 2 1 2 4
4055 2 1 2 2 2 3 5
4054 3 2 1 3 2 4 7
4053 3 1 1 3 3 4 7
4052 3 2 3 3 2 4 7
4051 2 1 1 2 2 3 6
4050 1 0 1 3 2 2 4
4049 2 1 2 2 2 3 5
4048 2 1 2 2 1 3 5
4047 2 1 1 2 1 2 4
4046 2 1 1 2 2 3 5
4045 1 1 1 1 1 2 4
4044 3 3 2 3 2 3 7
4043 2 2 1 2 1 3 5
4042 2 2 1 2 2 3 5
4041 3 1 1 2 2 4 6
4040 2 1 1 2 1 2 4
4039 1 1 1 1 1 2 3
4038 3 1 1 3 2 4 6
4037 0 0 1 2 2 1 3
4036 3 2 1 3 2 4 7
4035 2 2 1 3 2 3 5
4034 1 1 1 2 2 2 4
4033 2 2 2 2 1 3 5
4032 3 1 1 3 2 4 6
4031 3 1 1 3 2 4 6
4030 2 1 1 1 1 2 4
4029 1 0 1 2 2 3 4
4028 0 0 1 3 1 2 4
4027 0 1 1 0 0 1 2
4026 1 1 1 1 1 2 4
4025 2 2 3 3 2 3 6
4024 2 3 2 1 1 3 6
4023 1 1 1 2 1 2 4
4022 0 0 1 3 1 2 3
4021 2 1 1 1 1 3 5
4020 0 0 1 3 1 2 4
4019 2 1 1 2 2 3 5
4018 0 0 0 0 1 0 1
4017 3 2 1 3 2 4 6
4016 2 2 1 1 2 3 5
4015 2 1 0 1 1 1 3
4014 2 1 2 2 3 3 5
4013 2 2 2 2 2 4 6
4012 3 3 3 3 2 4 8
4011 3 3 2 2 2 4 7
4010 2 1 1 2 1 3 5
4009 3 1 2 3 3 4 7
4008 2 2 2 2 1 3 5
4007 0 1 1 2 1 1 3
4006 3 2 1 3 3 4 6
4005 2 1 1 2 1 3 5
4004 3 2 1 2 2 4 7
4003 3 1 1 3 2 4 6
4002 2 1 1 1 1 2 4
4001 2 1 2 2 1 3 5
4000 2 2 1 2 2 3 5
3999 0 1 1 1 1 1 2
3998 2 1 1 1 1 3 5
3997 2 1 0 1 1 1 3
3996 1 2 1 2 2 3 5
3995 2 2 1 2 2 3 5
3994 0 1 1 3 1 2 4
3993 1 1 1 2 1 2 4
3992 1 1 2 2 2 3 5
3991 2 2 2 2 2 3 6
3990 2 3 2 2 1 3 6
3989 1 1 1 2 1 2 4
3988 2 1 1 2 2 3 5
3987 1 1 1 1 1 2 4
3986 1 1 1 1 1 2 3
3985 2 1 1 1 1 2 4
3984 2 3 2 2 2 4 7
3983 3 1 1 3 2 4 6
3982 0 0 1 3 1 2 4
3981 2 2 1 2 2 4 6
3980 2 2 2 2 2 3 6
3979 0 0 1 2 1 1 2
3978 1 2 1 1 1 1 3
3977 2 1 2 2 2 3 5
3976 3 3 2 3 2 4 7
3975 3 2 1 3 3 4 7
3974 4 4 3 3 2 4 9
3973 2 1 2 2 1 3 5
3972 1 2 1 1 1 3 5
3971 0 2 3 1 2 3 6
3970 2 1 1 2 2 3 5
3969 3 1 1 3 2 4 6
3968 2 1 1 2 2 3 5
3967 2 1 1 2 1 3 5
3966 4 4 3 3 2 4 9
3965 1 1 1 1 1 2 3
3964 0 0 1 2 2 2 3
3963 3 3 2 2 1 3 7
3962 3 3 1 2 2 4 7
3961 0 0 1 3 1 2 3
3960 3 1 1 2 2 4 6
3959 3 1 1 3 2 4 7
3958 0 2 1 3 2 3 5
3957 2 1 1 2 1 3 5
3956 0 1 1 1 1 1 3
3955 1 1 1 1 1 2 4
3954 1 0 1 1 1 2 4
3953 2 1 1 2 2 3 5
3952 2 1 2 2 2 3 5
3951 2 2 2 2 1 2 4
3950 2 2 2 2 2 3 6
3949 0 0 1 2 1 1 2
3948 0 1 1 0 0 1 1
3947 1 2 1 1 1 2 4
3946 2 2 1 2 2 3 5
3945 2 1 2 2 1 3 5
3944 2 2 2 2 2 3 6
3943 0 2 1 3 2 3 5
3942 1 1 1 2 1 2 4
3941 0 1 1 1 1 1 3
3940 2 1 1 2 1 3 5
3939 1 1 0 1 0 1 3
3938 1 1 1 1 1 2 4
3937 1 2 1 1 1 2 4
3936 1 0 1 1 1 2 3
3935 3 2 2 2 2 3 6
3934 2 2 1 2 2 3 6
3933 2 1 1 2 2 3 5
3932 3 3 1 2 2 4 7
3931 1 0 2 2 2 2 4
3930 1 1 1 1 1 1 3
3929 0 2 1 0 0 0 1
3928 1 2 2 2 2 3 5
3927 4 3 3 3 3 4 8
3926 1 1 1 1 1 2 3
3925 3 2 1 3 2 4 7
3924 2 1 1 1 1 2 4
3923 2 1 1 2 2 3 5
3922 0 1 2 1 1 2 4
3921 1 0 1 2 1 2 4
3920 2 2 2 2 2 3 6
3919 2 2 1 1 1 3 5
3918 3 2 1 3 1 3 6
3917 2 2 1 2 2 3 5
3916 2 1 1 1 1 3 5
3915 2 1 1 2 2 4 6
3914 3 1 1 2 2 4 6
3913 3 2 1 3 2 4 7
3912 4 3 2 3 2 4 8
3911 2 1 2 2 2 3 5
