4211 0 1 1 0 0 1 2
4210 1 1 2 1 1 2 4
4209 1 1 1 2 1 2 4
4208 3 1 1 2 2 4 6
4207 1 2 1 1 1 2 4
4206 1 1 1 1 1 1 3
4205 1 1 1 1 1 2 4
4204 2 2 2 2 2 3 6
4203 3 3 2 3 1 3 6
4202 2 3 1 2 1 3 5
4201 2 2 2 2 1 3 5
4200 2 3 1 2 2 3 6
4199 3 2 2 2 3 4 7
4198 0 1 1 2 1 1 3
4197 0 0 0 1 0 1 2
4196 1 1 1 1 1 1 2
4195 3 2 1 3 3 4 7
4194 2 4 3 2 2 4 8
4193 1 1 2 2 2 3 5
4192 1 1 1 1 1 2 3
4191 0 1 1 2 1 3 5
4190 1 2 1 2 1 2 4
4189 3 2 1 2 1 3 5
4188 1 2 1 2 1 2 4
4187 1 1 1 1 1 2 3
4186 1 2 1 2 1 2 4
4185 2 2 1 2 2 3 6
4184 2 2 2 2 1 3 5
4183 1 2 2 2 2 3 6
4182 1 1 1 1 1 2 3
4181 1 0 1 1 1 2 3
4180 2 2 1 1 1 2 4
4179 2 1 0 1 1 1 3
4178 3 3 2 3 1 3 7
4177 1 1 1 2 1 2 3
4176 1 3 3 1 1 3 6
4175 2 1 1 2 3 4 6
4174 3 2 1 3 2 4 6
4173 2 2 1 2 2 3 5
4172 2 2 2 2 1 2 5
4171 0 0 0 1 1 1 2
4170 1 1 2 2 1 2 4
4169 1 1 1 2 1 3 4
4168 2 1 1 1 1 3 4
4167 2 2 1 2 1 3 5
4166 2 2 2 1 1 3 5
4165 2 2 2 2 2 3 6
4164 1 1 1 1 1 2 3
4163 2 2 1 2 1 3 5
4162 2 2 1 3 3 3 5
4161 1 0 1 1 1 1 3
4160 2 1 1 1 1 3 5
4159 0 0 1 2 1 1 3
4158 3 2 1 3 3 4 7
4157 2 2 2 2 2 3 6
4156 0 1 2 2 1 2 4
4155 3 3 3 2 1 3 7
4154 3 1 1 2 2 4 6
4153 0 0 1 2 1 2 3
4152 0 0 1 3 1 3 4
4151 3 2 2 2 2 4 6
4150 1 1 1 1 1 1 3
4149 0 0 1 3 1 2 3
4148 2 3 2 2 2 4 7
4147 2 2 1 2 2 3 5
4146 1 1 1 2 1 2 3
4145 1 1 2 1 1 2 4
4144 2 1 1 2 2 3 5
4143 2 1 1 1 1 2 4
4142 1 1 1 1 1 2 3
4141 0 1 2 1 1 2 3
4140 0 0 1 2 1 2 3
4139 0 1 1 1 1 1 2
4138 3 2 2 3 3 4 7
4137 0 1 1 3 1 2 3
4136 2 0 1 1 1 2 4
4135 3 3 2 3 2 4 7
4134 0 1 1 0 0 1 2
4133 3 2 1 2 2 3 5
4132 1 2 1 1 1 2 3
4131 2 2 3 2 3 3 6
4130 1 1 1 1 1 2 3
4129 3 3 2 3 1 3 6
4127 0 0 1 2 1 1 3
4126 1 3 2 1 1 2 4
4125 0 0 1 3 1 1 2
4124 3 2 2 3 2 4 7
4123 2 2 2 2 2 3 6
4122 2 1 1 2 2 3 5
4121 2 2 2 3 2 3 6
4120 3 2 2 3 2 4 6
4119 2 1 1 2 2 3 5
4118 3 2 1 3 2 4 6
4117 1 1 1 1 1 1 3
4116 2 2 2 2 2 3 6
4115 1 1 2 1 1 2 4
4114 2 3 2 1 1 3 6
4113 3 1 2 2 3 4 7
4112 1 3 1 1 1 2 5
4111 0 1 1 1 1 1 3
4110 3 1 1 3 3 4 7
4109 3 2 2 3 2 4 7
4108 2 2 2 2 1 3 5
4107 0 0 1 3 1 2 4
4106 2 1 1 2 1 3 5
4105 2 2 1 2 2 3 5
4104 2 1 2 2 2 3 5
4103 2 1 1 2 2 3 5
4102 1 1 2 1 1 2 4
4101 1 2 2 2 2 2 4
4100 1 1 1 2 1 2 3
4099 3 2 1 2 2 4 6
4098 3 2 1 3 2 4 7
4097 0 0 0 1 1 1 2
4096 1 0 1 2 2 2 4
4095 2 1 2 2 1 3 5
4094 3 2 2 2 2 4 6
4093 1 2 2 1 1 2 4
4092 2 2 2 1 1 3 5
4091 1 1 0 1 0 1 2
4090 1 1 2 2 1 3 5
4089 2 1 2 2 2 3 5
4088 2 0 2 1 1 2 4
4087 1 0 1 2 1 2 3
4086 0 0 1 2 1 1 2
4085 1 2 1 1 1 1 3
4084 0 1 1 0 0 1 2
4083 4 3 2 3 2 4 8
4082 2 2 1 1 1 3 5
4081 2 1 1 2 1 3 5
4080 1 2 1 2 2 3 5
4079 1 2 2 1 1 2 4
4078 3 2 1 3 3 4 7
4077 1 1 2 2 1 3 5
4076 1 1 1 1 1 2 3
4075 1 2 1 1 1 2 3
4074 2 2 2 2 1 3 5
4073 1 2 2 2 2 3 5
4072 3 3 2 2 1 3 6
4071 3 3 1 2 1 2 5
4070 2 1 1 2 1 3 5
4069 1 2 2 1 1 2 4
4068 1 1 2 1 1 2 4
4067 2 1 1 2 2 3 5
4066 2 1 2 2 2 3 5
4065 3 1 1 3 2 4 7
4064 0 1 1 1 1 1 2
4063 3 3 2 2 2 4 7
4062 0 2 2 0 0 1 3
4061 1 1 1 1 1 2 3
