4362 1 1 1 2 1 2 4
4361 2 2 1 3 2 3 6
4360 2 2 1 2 2 3 6
4359 1 1 1 1 1 2 4
4358 1 1 2 1 1 2 3
4357 1 1 2 2 2 3 5
4356 4 3 3 3 2 4 8
4355 1 0 1 1 1 2 3
4354 2 3 2 2 2 3 6
4353 1 1 1 2 1 2 4
4352 2 1 1 2 1 3 5
4351 2 2 1 2 1 3 5
4350 3 1 1 3 2 4 7
4349 2 2 2 2 2 3 5
4348 2 2 1 2 2 3 6
4347 1 2 1 1 1 2 4
4346 2 1 1 2 1 3 5
4345 2 2 2 2 2 3 6
4344 1 1 1 2 1 2 3
4343 0 1 1 1 1 1 2
4342 2 1 1 1 1 3 5
4341 0 0 1 3 1 2 3
4340 2 1 1 2 2 3 5
4339 1 1 1 1 1 2 3
4338 3 2 1 3 3 4 7
4337 3 2 1 3 2 4 7
4336 0 1 2 1 1 2 4
4335 1 2 1 1 1 2 3
4334 2 1 1 2 1 3 5
4333 2 1 2 2 1 3 5
4332 3 2 1 2 2 4 7
4331 0 0 1 3 1 2 3
4330 2 1 1 2 1 3 5
4329 1 2 1 1 1 2 4
4328 3 2 2 2 3 4 7
4327 2 2 1 2 1 2 4
4326 4 4 3 4 2 4 9
4325 3 2 1 3 1 3 6
4324 1 1 1 1 1 2 3
4323 0 0 1 3 1 2 4
4322 1 0 1 1 1 2 3
4321 3 2 1 3 2 3 5
4320 1 2 2 1 1 2 4
4319 2 1 2 2 1 3 5
4318 3 2 1 2 2 4 6
4317 2 1 1 1 1 2 4
4316 0 1 0 0 0 1 1
4315 1 2 2 2 2 3 5
4314 3 1 1 2 2 4 6
4313 3 2 2 3 2 4 7
4312 1 2 2 2 2 3 5
4311 2 1 1 2 1 3 4
4310 3 1 2 3 3 4 7
4309 0 0 1 3 1 2 4
4308 0 2 2 1 1 2 4
4307 1 1 1 1 1 2 3
4306 1 1 1 2 1 2 4
4305 0 0 2 2 1 2 4
4304 0 0 1 3 1 2 3
4303 2 1 1 1 1 3 4
4302 2 1 1 1 1 2 4
4301 2 1 1 2 2 3 5
4300 3 2 1 2 2 4 6
4299 0 1 1 0 0 0 1
4298 0 1 1 3 1 2 4
4297 2 2 1 2 2 3 6
4296 1 2 1 1 1 1 3
4295 2 1 1 1 1 2 4
4294 3 2 2 2 2 3 6
4293 1 1 1 1 2 2 4
4292 0 1 2 2 1 2 4
4291 1 1 1 2 1 2 3
4290 2 2 2 2 1 3 5
4289 1 1 1 1 1 1 3
4288 2 1 1 1 1 2 4
4287 3 2 2 2 2 4 6
4286 0 1 1 1 1 1 2
4285 2 1 1 2 1 3 4
4284 2 2 1 2 1 3 5
4283 0 1 1 1 1 1 3
4282 2 2 1 2 1 3 5
4281 1 1 1 2 2 3 5
4280 0 0 0 0 0 0 1
4279 1 1 1 1 1 1 3
4278 2 2 1 2 1 3 5
4277 0 1 2 1 1 2 4
4276 3 3 2 3 2 4 7
4275 2 1 1 2 3 4 6
4274 4 3 2 3 1 3 7
4273 0 0 1 3 1 2 3
4272 3 1 1 3 2 4 7
4271 1 2 2 2 2 3 5
4270 2 2 2 1 1 2 4
4268 2 1 1 2 1 2 4
4267 2 1 1 2 2 3 5
4266 1 2 1 1 1 2 4
4265 2 1 2 2 1 3 5
4264 1 1 2 2 2 2 4
4263 3 1 1 2 3 3 6
4262 1 2 1 1 1 2 3
4261 3 2 1 3 2 4 7
4260 1 1 1 2 1 2 4
4259 1 2 1 1 1 2 4
4258 2 3 2 3 2 3 6
4257 0 0 1 3 1 2 3
4256 2 1 1 2 2 3 6
4255 1 0 1 2 1 2 3
4254 2 1 1 2 2 3 5
4253 3 2 2 3 2 4 7
4252 1 1 1 1 1 2 3
4251 2 1 0 1 1 1 3
4250 2 1 1 2 2 3 5
4249 2 1 1 2 2 3 5
4248 2 2 1 2 1 3 5
4247 4 3 2 3 2 4 7
4246 0 0 1 2 1 1 2
4245 2 2 1 2 2 3 5
4244 2 1 1 1 1 2 4
4243 3 3 2 3 2 4 7
4242 2 2 1 2 2 3 5
4241 2 2 2 2 2 3 5
4240 3 3 1 3 2 4 7
4239 1 0 1 1 1 2 3
4238 1 2 1 1 1 3 5
4237 1 1 1 2 2 3 5
4236 1 1 1 1 1 2 3
4235 2 1 1 2 1 2 4
4234 2 2 2 1 2 3 5
4233 1 1 1 2 1 2 4
4232 1 1 1 2 2 3 5
4231 2 2 2 2 1 3 5
4230 1 1 1 1 1 2 3
4229 2 1 2 2 2 3 5
4228 0 0 1 2 1 2 3
4227 1 1 1 2 1 2 4
4226 1 1 1 1 1 2 3
4225 2 1 2 2 3 3 6
4224 3 3 1 2 1 3 6
4223 0 1 1 1 1 1 2
4222 3 2 1 2 2 4 7
4221 0 1 3 2 1 3 5
4220 1 1 1 1 1 2 3
4219 0 1 1 1 1 1 2
4218 2 1 1 2 1 3 4
4217 1 1 1 2 1 2 3
4216 2 4 2 2 1 2 5
4215 2 1 1 2 1 3 4
4214 1 0 1 1 1 1 3
4213 2 3 1 2 1 2 5
4212 2 1 1 2 1 2 4
