4513 1 1 1 1 1 2 3
4512 2 2 2 3 2 3 6
4511 2 3 3 2 2 3 7
4510 2 1 1 2 1 2 4
4509 3 3 2 2 2 4 7
4508 2 1 2 2 2 3 5
4507 3 2 1 3 2 3 6
4506 0 0 1 3 2 2 4
4505 3 3 2 1 1 2 6
4504 1 2 1 1 1 2 4
4503 2 2 1 1 1 2 5
4502 3 2 2 3 3 4 8
4501 3 3 1 2 2 4 7
4500 1 2 2 2 1 3 5
4499 3 3 2 3 3 4 7
4498 2 2 2 2 1 3 6
4497 2 2 1 1 1 2 4
4496 2 2 1 2 1 2 5
4495 1 1 1 1 1 2 3
4494 3 2 2 2 2 4 7
4493 2 2 2 3 2 3 6
4492 1 1 1 2 1 2 4
4491 3 3 2 2 2 2 6
4490 3 4 3 2 2 3 7
4489 2 1 2 2 1 3 5
4488 1 2 2 2 2 2 5
4487 2 2 1 2 1 2 5
4486 3 4 4 3 3 4 9
4485 3 4 2 2 2 4 8
4484 1 2 1 1 1 2 4
4483 1 2 2 2 2 3 5
4482 0 1 1 0 1 1 2
4481 1 1 1 1 1 1 3
4480 1 3 1 1 1 2 5
4479 1 1 1 1 1 2 3
4478 2 1 1 2 1 3 5
4477 1 1 1 1 1 2 3
4476 1 2 1 1 1 2 4
4475 3 2 1 3 3 4 7
4474 1 2 2 1 1 1 3
4473 2 1 1 2 1 3 4
4472 1 3 3 1 1 2 5
4471 2 1 1 2 1 3 5
4470 3 3 1 2 2 3 6
4469 2 2 1 2 1 3 5
4468 0 1 1 1 1 1 2
4467 2 3 2 2 1 3 6
4466 2 1 1 1 1 2 4
4465 2 1 1 1 1 2 4
4464 0 1 1 1 1 1 2
4463 1 1 1 2 1 2 4
4462 3 2 1 3 2 4 6
4461 2 2 1 2 1 3 5
4460 1 2 1 1 1 2 4
4459 0 1 1 0 1 1 2
4458 2 3 3 2 2 3 7
4457 1 2 1 2 1 2 4
4456 2 2 1 2 2 3 5
4455 1 1 1 1 1 2 3
4454 2 1 1 1 1 2 4
4453 1 2 2 1 1 2 4
4452 0 1 1 0 0 1 2
4451 4 4 4 3 2 4 9
4449 1 2 1 1 1 2 4
4448 2 3 2 2 2 3 6
4447 0 1 1 1 1 1 2
4446 2 1 1 1 1 2 4
4445 3 2 2 3 2 3 6
4444 3 2 1 3 2 4 7
4443 2 2 1 2 2 3 6
4442 2 1 1 2 2 3 5
4441 1 1 1 2 1 2 4
4440 1 1 1 2 1 3 5
4439 2 2 2 2 2 3 6
4438 1 1 1 1 1 2 3
4437 0 0 1 2 1 1 3
4436 0 2 2 1 1 1 3
4435 2 1 1 2 1 3 5
4434 2 1 2 3 2 3 6
4433 2 1 1 2 2 3 5
4432 1 1 1 1 1 2 3
4431 1 0 1 1 1 1 3
4430 3 2 1 2 1 3 6
4429 1 1 1 1 1 1 2
4428 2 1 2 2 2 3 6
4427 2 3 1 2 1 3 6
4426 0 0 1 2 0 1 2
4425 2 1 2 2 1 3 5
4424 0 1 1 1 1 1 3
4423 2 2 2 3 2 3 6
4422 1 1 1 2 2 2 4
4421 2 2 1 1 1 2 5
4420 2 2 2 3 2 3 6
4419 0 2 2 1 1 1 3
4418 1 1 1 2 2 2 4
4417 1 1 1 2 1 2 4
4416 1 2 1 2 1 2 4
4415 2 1 1 2 1 4 6
4414 3 3 3 2 2 2 7
4413 1 1 1 1 1 2 3
4412 3 2 1 3 3 4 8
4411 2 1 1 2 1 4 6
4410 2 2 2 2 1 3 5
4409 2 2 2 3 2 3 6
4408 2 2 2 2 2 3 5
4407 1 2 1 1 1 2 4
4406 2 2 3 3 3 3 6
4405 1 2 1 2 1 2 4
4404 2 2 1 2 1 3 5
4403 2 2 2 2 2 3 6
4402 3 3 2 2 2 3 6
4401 3 3 2 2 2 3 7
4400 0 1 1 0 1 1 2
4399 2 2 2 2 2 2 5
4398 2 2 1 2 2 3 5
4397 4 4 1 3 2 4 9
4396 0 2 2 0 1 1 2
4395 0 1 2 1 1 2 3
4394 1 1 1 1 1 2 3
4393 0 1 1 1 1 1 2
4392 2 1 1 2 1 3 4
4391 2 1 2 2 1 3 5
4390 2 1 1 2 1 2 4
4389 1 2 1 1 1 2 4
4388 2 1 1 2 1 3 5
4387 2 1 2 2 1 3 5
4386 2 3 1 2 1 3 6
4385 1 2 1 1 1 2 4
4384 2 1 2 2 1 3 5
4383 4 3 1 3 2 4 8
4382 2 1 1 2 1 3 5
4381 2 1 1 2 1 3 5
4380 2 2 1 2 1 3 5
4379 1 2 1 1 1 2 4
4378 1 2 2 2 1 2 5
4377 1 1 1 2 1 2 4
4376 2 1 1 2 2 2 4
4375 2 2 1 2 1 3 5
4374 2 3 1 2 2 3 6
4373 2 1 1 2 1 3 4
4372 3 4 3 2 2 3 8
4371 1 1 1 1 1 1 3
4370 0 1 1 0 1 1 2
4369 1 2 2 2 2 3 6
4368 1 3 3 1 1 1 4
4367 3 3 1 2 2 3 6
4366 1 1 1 1 1 2 3
4365 1 2 1 1 1 2 4
4364 2 1 1 2 1 3 5
4363 0 0 1 3 1 2 4
