4664 1 2 1 1 1 2 4
4663 1 1 2 1 1 1 3
4662 1 2 2 1 1 2 4
4661 2 2 2 2 2 3 6
4660 2 1 1 2 2 4 6
4659 2 1 1 1 1 2 4
4658 1 1 1 1 1 1 3
4657 1 2 1 1 1 2 4
4656 2 2 1 2 1 2 4
4655 3 2 3 2 2 3 6
4654 1 1 1 2 1 2 3
4653 2 2 1 2 2 3 5
4652 1 1 1 1 1 2 3
4651 1 2 1 1 1 2 4
4650 2 2 1 2 1 3 5
4649 0 1 1 1 1 1 2
4648 1 2 1 2 1 2 4
4647 0 1 1 1 1 1 2
4646 2 1 1 2 2 4 6
4645 1 1 1 2 1 2 4
4644 2 2 1 2 2 3 5
4643 1 1 1 1 1 2 3
4642 1 1 2 1 1 2 3
4641 3 2 1 3 2 4 6
4640 1 2 1 2 1 2 4
4639 0 2 2 3 2 3 6
4638 3 2 2 3 2 3 7
4637 2 1 2 2 1 3 5
4636 3 2 1 2 1 3 5
4635 2 1 2 1 1 2 5
4634 1 1 2 1 1 1 3
4633 2 2 1 2 1 3 5
4632 1 2 1 2 1 2 4
4631 0 0 1 2 1 1 2
4630 4 4 3 2 2 3 8
4629 3 2 2 2 2 3 6
4628 0 1 2 1 1 2 4
4627 1 2 1 1 1 2 4
4626 2 1 2 2 1 3 5
4625 2 1 1 2 2 3 5
4624 2 1 2 2 1 3 5
4623 0 0 1 3 1 2 4
4622 3 4 4 3 3 4 9
4621 1 2 1 1 2 2 4
4619 1 2 2 2 1 2 4
4618 3 1 1 3 3 4 7
4617 1 1 1 1 1 2 3
4616 1 1 1 1 1 2 3
4615 2 2 2 2 2 2 6
4614 2 2 1 2 1 3 5
4613 2 2 1 1 1 2 4
4612 3 3 1 2 2 3 6
4611 1 1 1 1 1 1 3
4610 1 1 1 1 1 2 3
4609 1 1 1 1 1 2 3
4608 0 1 1 1 1 1 2
4607 1 1 1 2 2 3 5
4606 3 4 3 3 2 4 8
4605 1 1 1 1 1 1 3
4604 1 1 1 2 1 2 3
4603 3 4 3 2 2 2 7
4602 0 0 0 1 0 1 1
4601 1 1 1 1 1 2 4
4600 1 1 1 2 1 2 4
4599 2 2 1 2 1 2 5
4598 1 2 2 1 1 2 4
4597 3 3 2 2 2 4 7
4596 1 1 1 1 1 2 3
4595 1 1 2 1 1 2 4
4594 0 0 1 2 1 1 3
4593 0 1 1 1 1 1 2
4592 2 2 2 2 2 2 5
4591 2 1 2 2 2 3 5
4590 1 1 1 1 1 2 3
4589 2 1 1 2 2 3 5
4588 0 2 2 1 1 1 3
4587 3 3 1 3 2 3 6
4586 1 1 1 1 1 2 3
4585 1 1 1 2 1 2 4
4584 2 1 1 1 1 2 4
4583 1 1 1 1 1 1 2
4582 2 1 1 1 1 2 4
4581 2 2 1 2 1 2 4
4580 1 1 1 1 1 2 3
4579 2 1 2 2 2 3 6
4578 3 2 2 3 2 3 6
4577 1 1 1 1 1 2 3
4576 1 1 1 1 1 2 3
4575 2 3 2 2 2 3 6
4574 2 2 1 2 1 3 5
4573 2 1 1 2 1 2 4
4572 3 3 2 2 2 3 6
4571 2 2 2 2 2 3 5
4570 0 1 1 0 1 1 2
4569 2 4 3 2 1 3 7
4568 2 2 2 1 1 2 5
4567 1 3 2 1 1 1 4
4566 3 2 2 3 2 3 7
4565 1 1 2 2 2 2 4
4564 2 2 2 2 2 2 5
4563 0 2 2 0 0 1 2
4562 1 2 2 1 1 2 4
4561 2 1 2 2 1 3 5
4560 0 1 2 2 1 2 4
4559 0 2 2 1 1 2 4
4558 0 2 3 2 1 2 4
4557 1 1 2 2 1 2 4
4556 1 1 1 2 2 2 4
4555 2 2 1 2 2 3 5
4554 0 1 1 1 1 1 2
4553 0 2 2 1 1 2 5
4552 1 2 1 2 1 2 4
4551 2 3 1 2 1 3 5
4550 1 1 2 1 1 2 4
4549 1 2 1 2 1 2 4
4548 2 3 1 1 1 2 6
4547 2 2 2 2 1 2 4
4546 2 3 2 1 1 3 6
4545 1 1 1 1 1 2 3
4544 2 1 1 2 2 3 6
4543 2 1 1 2 1 2 4
4542 2 2 1 1 1 2 4
4541 2 1 1 2 2 3 5
4540 2 2 2 2 2 3 6
4539 3 3 1 2 2 3 7
4538 1 2 1 1 1 2 4
4537 2 1 1 0 0 1 3
4536 1 2 2 2 1 2 4
4535 1 1 1 2 2 2 4
4534 3 2 1 3 2 4 7
4533 1 0 0 0 0 1 2
4532 2 3 2 2 2 3 6
4531 2 1 1 2 1 4 6
4530 0 1 1 1 1 1 2
4529 3 2 1 2 2 3 6
4528 1 2 1 2 1 2 4
4527 1 1 1 1 1 2 3
4526 3 2 2 3 2 3 6
4525 1 1 1 2 1 2 4
4524 2 3 3 1 1 2 5
4523 2 2 2 2 1 3 6
4522 2 2 2 1 1 1 4
4521 4 4 4 3 3 4 10
4520 2 2 2 3 2 3 6
4519 0 0 1 3 1 2 4
4518 1 1 1 1 1 2 3
4517 2 1 1 2 2 3 5
4516 1 1 1 1 1 1 3
4515 2 2 2 2 2 3 5
4514 2 2 1 3 3 3 6
