4815 3 3 2 3 3 4 7
4814 1 1 1 2 1 2 4
4813 0 2 2 1 1 1 3
4812 1 1 1 1 1 2 3
4811 0 1 1 0 0 0 1
4810 0 0 1 3 1 2 4
4809 0 2 2 1 1 2 4
4808 1 2 2 2 1 2 4
4807 2 1 2 2 2 3 5
4806 1 1 1 2 1 2 3
4805 3 2 1 3 2 4 7
4804 2 2 1 2 1 3 5
4803 2 3 3 2 2 3 7
4802 1 1 1 2 1 2 4
4801 2 2 1 2 1 2 5
4800 1 1 1 1 1 2 3
4799 2 3 2 2 2 3 6
4798 2 1 2 2 2 2 4
4797 1 2 1 2 1 2 4
4796 2 2 2 2 2 3 6
4795 0 1 1 2 1 2 3
4794 1 1 1 1 1 2 4
4793 1 3 3 1 2 2 5
4792 1 1 1 2 1 2 3
4791 1 2 2 2 1 3 5
4790 3 3 1 2 1 3 6
4789 1 2 2 1 1 2 4
4788 2 1 2 3 2 3 5
4787 1 2 1 2 2 2 4
4786 1 3 2 1 1 3 5
4785 1 1 1 1 1 1 2
4784 0 2 1 0 1 1 2
4783 3 2 2 2 2 3 6
4782 1 2 1 1 1 2 4
4781 0 1 1 1 1 1 2
4780 1 2 1 1 1 2 4
4779 3 2 1 2 2 4 7
4778 2 1 1 1 1 2 4
4777 3 3 3 2 2 3 7
4776 2 2 1 1 1 2 4
4775 1 1 1 1 1 2 3
4774 0 2 3 2 1 2 5
4773 1 1 1 2 1 2 3
4772 1 1 1 1 1 1 3
4771 1 1 1 1 1 2 4
4770 2 1 2 2 2 3 6
4769 2 1 0 2 1 2 4
4768 4 4 1 2 2 4 8
4767 1 2 1 2 1 2 4
4766 2 2 1 1 1 2 4
4765 2 2 2 2 2 3 6
4764 1 2 1 1 1 2 4
4762 0 0 1 1 1 1 2
4761 1 1 1 2 1 2 4
4760 2 1 1 2 1 3 5
4759 2 2 2 2 1 3 5
4758 2 2 1 2 1 3 5
4757 2 3 2 2 1 2 5
4756 0 1 1 1 1 1 2
4755 2 2 2 2 2 3 6
4754 1 1 1 2 1 2 4
4753 3 2 2 2 2 2 5
4752 1 1 1 2 1 2 3
4751 4 4 3 2 1 3 7
4750 2 2 1 2 3 3 6
4749 1 1 1 2 1 2 3
4748 1 1 1 1 1 2 3
4747 1 1 1 1 1 2 3
4746 2 2 2 2 1 3 5
4745 1 2 2 2 2 3 5
4744 2 2 1 2 1 2 4
4743 1 1 1 1 1 2 3
4742 2 1 1 2 1 2 4
4741 2 1 1 1 1 2 4
4740 2 2 1 2 2 3 6
4739 3 3 2 3 2 3 7
4738 0 1 1 1 1 1 2
4737 0 1 1 1 1 1 2
4736 2 2 2 3 3 4 7
4735 1 1 1 1 1 1 3
4734 1 1 1 1 1 2 3
4733 2 1 1 2 1 2 4
4732 2 1 1 2 1 2 4
4731 1 2 1 2 2 2 4
4730 1 1 1 2 1 2 4
4729 2 3 2 2 2 3 5
4728 2 2 2 3 2 3 6
4727 0 1 1 0 1 1 2
4726 1 1 1 2 1 2 4
4725 1 1 2 1 1 2 4
4724 1 1 2 2 2 2 4
4723 1 1 1 2 1 1 3
4722 1 2 1 2 1 2 4
4721 3 3 2 3 2 3 6
4720 3 3 2 2 2 3 7
4719 1 1 1 1 1 2 3
4718 1 2 1 1 1 2 3
4717 1 1 1 2 1 2 3
4716 3 3 1 3 2 3 7
4715 3 3 2 3 2 4 7
4714 2 2 2 2 2 3 6
4713 1 1 1 1 1 2 3
4712 0 1 1 1 1 1 2
4711 2 2 2 2 1 3 6
4710 1 1 1 1 1 2 3
4709 1 1 1 1 1 2 3
4708 1 1 1 1 1 1 3
4707 2 2 2 1 1 1 4
4706 2 2 2 2 1 2 4
4705 2 3 1 1 1 1 4
4704 0 0 0 1 0 1 1
4703 2 3 1 2 1 3 6
4702 1 2 1 1 1 2 4
4701 1 2 2 2 1 2 4
4700 2 1 1 1 1 2 4
4699 2 2 1 2 2 3 6
4698 3 3 2 3 2 4 7
4697 3 2 2 2 2 3 6
4696 2 1 1 1 1 2 4
4695 3 2 1 3 2 4 7
4694 1 2 1 1 1 2 4
4693 3 3 2 2 2 3 7
4692 3 2 1 2 2 4 7
4691 2 1 1 2 2 3 5
4690 2 2 2 2 2 3 6
4689 1 1 1 1 1 2 3
4688 2 2 1 1 1 2 4
4687 0 1 1 1 1 1 2
4686 0 1 2 2 1 2 4
4685 3 2 1 3 2 3 6
4684 0 2 2 1 1 1 4
4683 1 1 1 1 1 1 3
4682 2 2 1 2 1 3 5
4681 0 1 1 2 1 2 4
4680 1 1 1 1 1 2 3
4679 2 2 2 2 2 2 5
4678 0 1 1 1 1 1 2
4677 3 2 1 3 2 4 7
4676 1 1 1 1 1 2 3
4675 0 2 2 2 1 2 4
4674 0 2 1 1 1 1 3
4673 2 2 1 2 1 2 5
4672 0 0 1 3 1 2 4
4671 2 1 1 1 1 2 4
4670 1 1 1 2 1 2 4
4669 1 1 1 2 1 2 4
4668 1 2 1 1 1 2 4
4667 2 1 1 2 1 2 4
4666 1 2 1 1 1 2 4
4665 2 2 2 1 1 2 4
