4965 3 3 2 3 3 4 7
4964 2 2 1 2 1 3 5
4963 1 2 3 2 2 3 6
4962 2 2 1 2 1 3 5
4961 2 2 1 2 1 3 5
4960 2 2 1 2 1 3 5
4959 2 2 1 2 2 3 6
4958 2 2 1 2 1 3 5
4957 3 3 2 2 2 4 7
4956 2 1 2 2 1 3 5
4955 2 2 2 2 2 3 6
4954 2 1 2 2 2 4 6
4953 2 2 1 2 1 3 5
4952 0 1 1 2 1 2 3
4951 2 2 1 2 2 3 6
4950 3 1 1 3 2 4 7
4949 3 3 2 3 2 4 8
4948 2 2 1 2 2 3 6
4947 2 2 1 2 2 3 6
4946 2 2 1 2 1 3 5
4945 2 1 1 2 1 2 4
4944 1 1 1 1 2 2 4
4943 2 2 1 2 2 3 5
4942 1 1 1 1 1 2 4
4941 2 2 2 2 2 3 6
4940 2 1 2 2 3 3 6
4939 1 1 1 1 1 2 3
4938 2 1 1 2 1 3 5
4937 1 1 1 1 1 2 3
4936 1 1 1 2 1 2 3
4935 2 2 2 2 2 3 6
4934 3 4 3 2 2 4 8
4933 2 2 1 2 1 3 5
4932 1 1 1 2 2 3 4
4931 0 0 1 1 1 1 2
4930 2 2 1 2 2 3 5
4929 1 1 1 1 1 1 3
4928 3 4 2 2 2 3 7
4927 1 1 1 2 2 3 4
4926 1 1 1 1 1 2 3
4925 1 1 1 1 2 2 4
4924 2 2 2 2 1 3 5
4923 1 2 1 2 1 2 4
4922 1 1 1 1 2 2 4
4921 1 2 1 1 1 2 4
4920 1 1 2 2 1 3 5
4919 2 1 1 2 1 4 6
4918 3 1 1 3 2 4 7
4917 2 2 2 2 2 2 6
4916 3 3 2 3 3 4 8
4915 3 1 1 3 2 4 7
4914 1 1 1 2 1 2 4
4913 0 3 3 1 1 3 6
4912 2 1 1 2 3 3 6
4911 2 3 2 2 1 3 6
4910 2 2 1 2 2 4 6
4909 3 3 1 2 2 4 7
4908 0 2 2 1 1 2 4
4907 1 1 1 2 2 3 5
4906 1 2 2 2 1 2 5
4905 3 2 2 2 2 3 6
4904 2 2 2 1 1 2 5
4903 1 2 1 1 1 2 4
4902 1 1 1 0 0 1 2
4901 2 1 2 2 1 3 5
4900 2 2 1 2 2 3 5
4899 1 1 1 2 1 2 3
4898 2 1 1 2 2 3 5
4897 2 2 1 2 2 3 5
4896 1 1 1 1 1 1 3
4895 0 1 1 1 1 1 2
4894 2 1 2 2 1 2 5
4893 2 2 2 2 1 3 5
4892 0 1 1 2 1 2 3
4891 3 2 2 2 2 4 7
4890 0 1 1 1 1 2 3
4889 4 4 2 3 3 4 9
4888 2 3 2 2 2 3 6
4887 2 2 1 2 2 3 5
4886 2 3 2 3 2 4 7
4885 2 1 1 2 2 3 5
4884 1 1 1 1 1 2 3
4883 4 4 4 2 1 4 9
4882 2 2 1 2 1 2 4
4881 2 2 1 2 3 4 7
4880 1 1 1 2 1 2 4
4879 3 3 2 3 2 4 7
4878 1 1 1 2 1 2 4
4877 2 2 1 2 2 3 5
4876 2 2 1 2 1 3 5
4875 3 2 2 2 2 3 6
4874 1 1 1 2 1 2 4
4873 3 1 1 3 2 4 7
4872 2 2 2 2 2 3 6
4871 1 1 1 2 2 2 4
4870 2 2 1 1 1 3 5
4869 3 1 1 2 2 4 6
4868 2 2 1 1 1 2 4
4867 1 2 1 3 2 3 6
4866 0 1 1 1 1 1 3
4865 1 1 1 1 1 2 3
4864 1 1 2 2 3 3 6
4863 2 2 1 2 2 3 6
4862 2 3 3 3 3 4 8
4861 1 1 1 1 1 2 3
4860 2 3 2 2 2 3 6
4859 0 1 1 2 1 2 3
4858 3 1 1 2 2 4 6
4857 2 2 1 2 1 2 4
4856 1 1 1 2 1 2 3
4855 1 1 1 2 2 2 4
4854 2 3 3 1 2 3 7
4853 1 1 1 1 1 2 4
4852 3 3 2 2 2 4 7
4851 4 4 3 3 2 4 9
4850 0 1 1 2 1 2 3
4849 1 1 1 2 3 4 6
4848 2 1 1 2 1 2 4
4847 3 2 1 3 3 4 7
4846 1 1 1 2 2 2 4
4845 2 1 1 2 1 3 5
4844 1 1 1 2 1 3 4
4843 2 3 2 2 2 3 6
4842 2 1 1 2 2 3 5
4841 3 2 2 2 1 3 6
4840 1 1 2 1 1 3 4
4839 1 1 1 1 1 2 3
4838 3 1 1 4 2 4 7
4837 1 1 1 1 1 2 4
4836 2 2 1 3 2 3 5
4835 1 1 1 2 2 3 5
4834 1 2 1 2 2 3 5
4833 2 2 2 2 2 3 6
4832 1 2 1 1 1 2 4
4831 2 2 1 2 1 3 5
4830 1 1 1 1 1 2 3
4829 2 1 1 3 3 4 7
4828 1 1 1 1 1 2 3
4827 2 2 2 2 2 3 6
4826 2 2 1 2 2 4 6
4825 0 1 1 0 0 1 2
4824 1 1 1 1 1 2 3
4823 1 1 1 1 1 2 3
4822 2 2 1 2 1 3 5
4821 1 2 1 1 2 3 4
4820 3 1 1 3 2 4 7
4819 2 3 2 2 2 3 6
4818 2 2 1 2 1 3 5
4817 1 1 1 2 2 3 4
4816 2 2 1 2 1 3 5
