5115 0 1 2 2 1 3 4
5114 1 1 1 1 1 2 3
5113 0 2 2 1 1 2 4
5112 2 2 1 1 1 2 4
5111 4 4 3 2 1 3 8
5110 1 2 1 1 1 2 4
5109 1 1 1 2 2 3 4
5108 2 2 1 2 1 3 5
5107 2 2 2 2 2 3 6
5106 2 2 1 2 1 3 5
5105 1 1 1 2 2 2 4
5104 0 1 1 2 1 2 3
5103 1 1 1 1 1 2 3
5102 1 1 1 1 1 1 3
5101 2 1 1 2 2 4 6
5100 1 2 1 1 1 2 4
5099 1 1 1 1 1 1 2
5098 3 2 2 2 2 4 6
5097 0 2 1 2 2 2 4
5096 0 1 1 2 1 2 3
5095 2 2 1 2 1 2 4
5094 1 1 1 1 1 2 3
5093 1 1 1 1 1 2 3
5092 1 1 1 2 1 2 3
5091 2 3 2 2 1 2 6
5090 2 1 1 2 1 3 5
5089 2 1 1 2 1 2 4
5088 2 3 2 2 1 3 6
5087 2 1 1 2 2 2 4
5086 1 1 1 1 1 2 4
5085 1 1 1 2 1 3 4
5084 2 1 1 2 2 3 5
5083 0 1 1 2 1 2 3
5082 1 1 1 1 1 2 3
5081 2 1 1 2 2 3 5
5080 2 1 2 2 2 2 5
5079 1 1 1 2 1 2 3
5078 0 2 2 1 1 2 4
5077 2 2 1 1 1 3 5
5076 1 1 1 1 1 1 3
5075 1 1 1 2 1 2 4
5074 2 2 1 2 1 3 5
5073 1 1 1 1 1 2 3
5072 2 2 1 2 2 3 5
5071 0 1 1 1 1 2 4
5070 3 3 3 3 3 4 8
5069 2 2 2 2 2 2 6
5068 1 1 1 1 1 1 3
5067 0 1 3 2 2 3 6
5066 2 2 2 2 2 3 5
5065 1 2 1 2 1 2 4
5064 2 2 1 2 2 4 6
5063 2 1 1 2 1 2 4
5062 2 1 2 2 1 2 5
5061 1 1 2 1 1 3 4
5060 3 3 3 2 2 4 8
5059 2 2 1 1 1 2 4
5058 1 2 3 2 2 3 6
5057 1 1 2 2 1 3 4
5056 3 3 2 2 2 3 6
5055 1 1 1 1 1 2 3
5054 2 2 2 2 3 3 6
5053 2 2 2 2 1 3 5
5052 2 1 1 1 1 2 4
5051 1 1 1 3 2 3 5
5050 3 3 1 3 2 3 7
5049 3 1 1 4 2 4 8
5048 1 2 1 2 1 2 4
5047 1 2 1 1 1 2 4
5046 2 2 2 2 2 3 6
5045 2 2 2 2 1 3 5
5044 2 1 1 3 2 3 5
5043 2 1 2 2 2 3 5
5042 4 4 4 2 2 4 9
5041 2 3 2 2 2 4 7
5040 3 2 2 2 2 4 6
5039 1 1 1 1 1 2 3
5038 1 1 2 1 1 2 4
5037 1 2 1 1 1 2 4
5036 3 3 2 2 2 3 7
5035 4 3 2 3 2 4 8
5034 0 1 1 0 0 1 2
5033 0 1 1 1 1 1 2
5032 2 2 2 2 1 2 5
5031 2 1 2 2 2 3 5
5030 2 1 2 2 3 3 6
5029 2 2 1 2 1 3 5
5028 2 1 1 2 1 3 5
5027 1 1 1 1 2 2 4
5026 2 2 1 1 1 3 4
5025 2 1 2 2 1 3 5
5024 3 4 3 2 2 4 9
5023 3 2 1 2 2 3 6
5022 1 1 2 1 1 2 4
5021 1 2 1 2 2 3 5
5020 3 2 1 2 2 4 7
5019 2 1 1 1 1 3 5
5018 1 2 1 1 1 2 4
5017 1 2 1 1 2 2 5
5016 2 1 2 2 2 3 6
5015 4 3 2 3 2 4 8
5014 1 1 1 2 2 2 4
5013 2 2 1 2 1 2 4
5012 2 3 1 2 1 3 6
5011 2 2 1 2 1 2 4
5010 0 1 1 1 1 2 3
5009 1 1 1 2 1 2 4
5008 2 3 2 3 2 4 7
5007 1 2 2 1 1 2 5
5006 0 1 1 2 1 3 4
5005 1 2 1 2 1 2 4
5004 1 1 1 2 2 3 4
5003 1 2 2 2 2 2 5
5002 1 1 1 1 2 2 4
5001 3 2 1 3 2 4 6
5000 2 1 1 2 2 4 6
4999 1 2 1 1 1 2 4
4998 3 3 1 1 1 2 6
4997 1 1 1 1 1 2 3
4996 3 4 3 2 1 4 8
4995 1 1 1 2 2 2 4
4994 3 1 1 2 2 4 6
4993 4 4 3 4 2 4 9
4992 1 2 1 2 2 3 5
4991 3 1 1 3 2 4 8
4990 2 2 2 3 2 3 6
4989 1 1 1 1 1 2 4
4988 3 1 1 4 2 4 8
4987 1 1 1 2 1 2 4
4986 2 2 1 2 1 3 5
4985 2 2 1 1 1 2 4
4984 1 2 1 1 1 2 4
4983 0 1 3 2 1 3 5
4982 2 1 1 1 1 2 5
4981 4 4 3 3 2 4 9
4980 1 1 1 1 1 1 3
4979 3 2 2 3 3 4 6
4978 2 2 1 2 1 3 5
4977 1 1 1 2 1 2 4
4976 1 1 1 1 1 3 4
4975 0 1 2 1 1 2 3
4974 1 1 1 1 1 2 3
4973 4 4 3 3 2 4 9
4972 1 2 2 2 1 2 5
4971 1 2 1 2 1 2 4
4970 0 1 1 2 1 2 4
4969 2 1 2 2 2 3 5
4968 2 2 1 2 1 3 5
4967 2 2 1 2 1 3 5
4966 0 1 2 1 1 1 3
