5265 3 2 2 2 2 4 7
5264 0 2 2 1 1 2 4
5263 3 2 2 3 2 4 7
5262 2 2 1 2 1 3 5
5261 1 1 2 2 2 3 5
5260 3 1 2 4 2 4 8
5259 2 2 1 2 2 3 6
5258 2 2 1 2 2 3 6
5257 1 1 1 2 1 2 4
5256 1 1 1 1 1 2 3
5255 0 1 0 0 0 0 1
5254 2 2 2 2 1 3 5
5253 1 1 1 1 1 1 3
5252 2 2 1 1 1 2 4
5251 3 1 1 2 2 4 7
5250 1 1 1 1 1 2 3
5249 2 1 2 2 2 3 5
5248 4 4 4 3 3 4 9
5247 2 2 1 1 1 3 5
5246 2 2 1 2 2 3 5
5245 0 1 1 0 0 1 2
5244 4 4 3 3 2 4 9
5243 2 2 2 2 1 3 6
5242 1 1 1 1 1 1 3
5241 0 0 1 1 1 1 3
5240 0 1 1 0 0 1 2
5239 1 1 1 1 1 2 4
5238 1 1 1 1 1 2 3
5237 0 1 3 2 1 2 5
5236 1 1 1 2 2 2 4
5235 3 3 2 3 3 4 8
5234 0 1 1 0 0 0 1
5233 2 3 1 2 2 2 6
5232 1 1 1 1 1 2 3
5231 2 2 1 1 1 3 5
5230 1 2 2 1 1 2 5
5229 2 1 2 2 1 3 4
5228 0 1 2 1 1 2 4
5227 1 2 2 2 2 3 6
5226 0 1 1 2 1 2 4
5225 0 0 1 1 1 1 2
5224 3 3 2 2 1 3 6
5223 2 2 1 2 1 3 5
5222 1 1 1 2 1 2 4
5221 4 3 1 3 2 4 8
5220 1 1 1 0 0 1 2
5219 0 1 1 2 1 3 4
5218 2 3 1 2 1 3 6
5217 2 3 2 2 2 3 7
5216 0 1 1 1 1 1 3
5215 3 1 1 3 2 4 7
5214 3 1 2 3 2 4 7
5213 1 1 1 1 1 2 3
5212 1 1 1 2 1 2 4
5211 3 2 2 2 2 4 8
5210 1 1 1 1 1 2 3
5209 2 2 1 2 1 3 5
5208 3 1 1 4 2 4 8
5207 0 1 0 1 1 1 2
5206 3 2 2 2 2 4 7
5205 1 2 2 2 1 3 5
5204 0 1 1 0 0 1 2
5203 1 2 2 2 1 3 5
5202 2 2 1 2 1 3 6
5201 2 2 1 2 2 3 5
5200 4 4 4 3 2 3 9
5199 3 1 2 4 3 4 8
5198 2 1 1 2 2 3 5
5197 3 1 1 3 2 4 7
5196 0 1 1 2 1 3 4
5195 2 2 1 2 2 3 5
5194 1 1 1 1 1 1 3
5193 1 1 1 1 1 2 3
5192 1 1 1 1 1 2 3
5191 1 1 1 2 1 2 4
5190 1 2 2 1 1 2 5
5189 1 1 2 2 1 3 5
5188 1 1 1 2 2 3 5
5187 2 1 1 2 1 2 4
5186 2 1 1 2 1 2 4
5185 2 1 1 2 2 3 5
5184 2 2 1 2 2 3 5
5183 2 2 2 2 2 3 6
5182 2 3 1 2 1 2 5
5181 1 1 1 2 1 2 3
5180 0 1 1 1 1 1 3
5179 2 2 1 2 1 3 5
5178 2 2 1 1 1 2 4
5177 0 1 1 1 1 1 2
5176 1 1 1 1 1 2 3
5175 1 2 1 1 1 2 4
5174 2 3 2 2 2 4 7
5173 1 2 1 2 1 2 4
5172 3 3 2 2 2 3 6
5171 2 1 1 2 2 3 5
5170 2 1 2 2 1 2 5
5169 1 1 1 1 1 2 3
5168 2 2 1 2 1 3 5
5167 1 1 1 1 1 1 2
5166 3 3 1 2 2 3 6
5165 1 1 1 1 1 2 3
5164 4 4 1 3 2 4 9
5163 0 1 1 2 1 3 4
5162 2 4 3 1 1 2 6
5161 3 1 1 3 2 4 8
5160 2 2 1 2 1 2 5
5159 1 1 1 1 1 2 3
5158 2 1 1 2 1 3 5
5157 0 1 1 1 1 1 3
5156 2 2 2 2 1 3 5
5155 2 3 2 2 1 3 6
5154 0 0 1 1 1 1 3
5153 2 1 1 2 1 3 5
5152 1 2 3 2 2 3 6
5151 1 2 1 1 1 2 4
5150 0 1 1 1 1 2 3
5149 2 2 3 2 2 3 6
5148 2 1 2 3 3 3 6
5147 1 2 2 1 1 3 5
5146 3 4 2 1 1 2 6
5145 1 1 1 1 1 2 3
5144 2 3 2 2 2 3 7
5143 2 2 1 2 1 2 4
5142 3 3 1 3 2 4 8
5141 1 2 1 1 1 2 4
5140 3 3 1 1 1 3 6
5139 2 2 1 2 1 3 5
5138 1 2 1 2 2 3 5
5137 1 1 2 2 1 2 4
5136 2 2 2 2 2 3 6
5135 0 1 1 0 0 1 2
5134 2 1 1 2 1 3 5
5133 1 1 2 1 1 2 4
5132 3 3 2 2 2 3 6
5131 2 1 1 2 2 3 6
5130 1 2 1 2 1 2 4
5129 2 2 3 2 2 3 6
5128 2 1 2 2 1 3 5
5127 2 1 2 2 1 3 6
5126 3 3 1 2 2 4 7
5125 2 3 1 2 1 3 6
5124 2 2 1 2 2 3 5
5123 2 2 1 2 1 3 5
5122 2 1 1 2 2 4 6
5121 1 1 1 1 1 2 3
5120 2 2 1 2 2 2 5
5119 2 2 1 2 1 3 5
5118 2 2 1 2 1 3 5
5117 2 1 1 3 3 4 7
5116 2 2 1 1 1 3 5
