5417 3 2 2 3 2 3 6
5416 2 2 3 3 2 4 6
5415 3 1 1 2 1 3 6
5414 1 2 2 1 1 1 3
5413 0 1 1 3 1 2 4
5412 2 1 1 2 2 3 5
5411 2 2 2 2 1 3 6
5410 2 2 2 3 2 3 6
5409 1 1 1 1 1 2 4
5408 1 2 3 3 1 2 5
5407 2 2 2 2 1 3 5
5406 2 2 2 1 1 2 5
5405 1 2 2 2 2 3 5
5404 1 1 1 2 1 1 3
5403 2 3 2 2 2 3 7
5402 2 1 2 2 1 2 5
5401 2 1 2 2 2 3 6
5400 0 0 1 3 1 2 4
5399 1 1 1 1 0 1 3
5398 0 0 1 3 1 2 4
5397 2 2 1 1 1 2 4
5396 1 3 3 3 2 3 7
5395 1 1 1 1 1 1 3
5394 0 3 2 0 0 1 4
5393 2 2 1 2 1 3 5
5392 2 1 2 2 1 3 5
5391 1 0 1 2 1 1 3
5390 2 2 2 3 2 3 6
5389 2 2 1 2 2 3 5
5388 2 2 1 2 1 3 5
5387 3 3 2 3 2 4 8
5386 4 3 2 2 1 4 8
5385 3 2 3 2 3 4 7
5384 2 2 1 2 1 3 5
5383 2 2 1 2 2 3 5
5382 2 3 3 2 2 3 7
5381 2 1 1 2 1 2 5
5380 2 2 2 2 2 3 6
5379 0 0 1 3 1 2 4
5378 1 2 1 1 1 2 4
5377 1 1 1 2 2 3 5
5376 1 0 1 2 1 2 3
5375 2 2 2 2 2 3 5
5374 1 1 1 2 2 2 4
5373 2 1 1 1 1 2 4
5372 3 2 2 2 1 3 6
5371 1 1 1 2 1 2 4
5370 3 2 1 2 2 4 6
5369 1 1 1 0 0 0 1
5368 1 1 2 1 1 2 4
5367 0 2 2 2 1 2 4
5366 1 1 1 1 1 2 4
5365 0 1 1 1 1 1 2
5364 1 2 2 2 2 3 5
5363 4 4 3 2 2 4 9
5362 2 2 1 2 2 3 5
5361 1 0 0 2 1 1 2
5360 2 1 2 2 2 3 5
5359 0 2 1 3 2 3 5
5357 3 2 2 2 1 3 6
5356 2 1 1 1 2 3 4
5355 1 1 1 2 1 2 4
5354 1 3 2 1 1 3 6
5353 0 2 3 1 1 3 6
5352 2 3 3 1 1 2 6
5350 1 0 1 1 1 1 2
5349 2 2 1 2 2 3 5
5348 1 2 1 2 2 3 5
5347 1 1 1 2 1 2 4
5346 1 1 1 2 2 2 4
5345 3 2 2 3 2 4 6
5344 2 1 1 2 1 3 4
5343 1 2 1 1 1 2 5
5342 3 2 1 3 3 4 8
5341 1 0 1 3 2 2 4
5340 1 1 1 2 1 2 4
5339 1 1 1 1 1 2 3
5338 2 2 2 2 1 2 5
5337 2 1 1 1 1 2 4
5336 0 1 2 3 1 2 4
5335 0 3 3 1 1 2 5
5334 0 0 1 3 1 2 4
5333 3 2 3 1 1 2 5
5332 1 1 2 2 2 2 5
5331 1 1 1 2 2 2 3
5330 0 0 1 3 1 2 4
5329 2 1 2 2 1 3 5
5328 2 2 2 2 2 3 6
5327 3 2 1 2 1 3 6
5326 1 1 1 1 1 2 4
5325 3 2 2 2 2 3 6
5324 1 1 1 1 1 2 3
5323 2 2 1 2 1 3 5
5322 2 1 2 3 2 4 6
5321 2 2 1 1 1 3 5
5320 3 2 2 3 2 3 6
5319 3 2 1 2 2 3 6
5318 2 3 2 2 2 3 6
5317 2 1 2 2 2 3 5
5316 3 2 2 2 2 3 6
5315 3 2 1 2 1 4 7
5314 2 2 1 2 1 2 4
5313 1 1 2 2 2 3 5
5312 2 2 1 2 2 3 5
5311 0 0 1 1 1 1 2
5310 3 2 1 3 2 4 7
5309 2 1 1 2 1 3 4
5308 1 1 1 1 1 1 3
5307 3 2 2 3 2 4 7
5306 2 1 1 1 1 2 4
5305 3 2 1 3 2 4 7
5304 2 1 1 1 1 2 4
5303 1 2 1 2 1 2 4
5302 2 1 1 1 1 2 3
5301 0 2 3 2 1 3 5
5300 1 2 1 1 2 2 4
5299 3 2 2 2 3 4 7
5298 0 1 1 2 1 2 3
5297 2 2 1 2 1 2 4
5296 2 2 2 2 2 3 6
5295 1 1 1 1 1 1 3
5294 1 2 1 1 1 2 4
5293 1 1 1 1 1 2 4
5292 3 2 1 3 3 3 7
5291 0 0 1 2 1 1 2
5290 1 1 1 1 1 2 4
5289 0 1 2 3 1 2 4
5288 1 2 1 1 1 2 4
5287 1 1 1 1 1 2 3
5286 2 1 1 1 1 2 4
5285 1 1 1 1 1 1 3
5284 3 1 1 3 3 4 7
5283 1 2 2 1 1 2 5
5282 2 1 1 1 1 3 4
5281 3 3 2 2 1 3 7
5280 2 2 2 2 1 3 6
5279 2 1 1 2 1 2 4
5278 2 2 2 2 1 3 5
5277 3 2 1 3 3 4 7
5276 2 1 1 2 2 3 5
5275 2 1 1 2 2 3 4
5274 3 2 2 3 2 4 8
5273 2 1 2 1 1 2 5
5272 1 1 2 1 1 2 4
5271 2 2 2 3 3 4 6
5270 1 1 1 2 1 2 3
5269 2 3 2 1 1 3 6
5268 2 2 1 2 2 3 6
5267 2 2 2 2 2 3 6
5266 2 1 2 2 1 3 5
