5567 2 2 3 1 1 3 6
5566 1 1 1 2 2 3 5
5565 2 2 1 2 1 3 5
5564 0 2 3 1 1 2 5
5563 2 2 2 2 2 3 5
5562 0 0 1 3 1 2 4
5561 2 2 2 2 1 3 5
5560 1 1 1 1 1 2 3
5559 2 2 2 2 2 3 6
5558 1 0 1 2 2 2 4
5557 1 1 1 1 1 1 3
5556 1 1 2 2 1 2 4
5555 1 2 1 1 1 2 4
5554 4 3 2 2 2 4 8
5553 1 1 1 1 1 2 3
5552 1 1 2 2 1 2 4
5551 2 2 2 2 2 3 6
5550 1 1 1 1 1 1 3
5549 2 1 1 2 2 3 5
5548 2 2 1 2 1 3 5
5547 1 1 2 1 1 2 4
5546 1 1 1 1 1 2 3
5545 2 1 2 2 2 3 5
5544 2 2 1 2 1 3 5
5543 0 1 2 2 1 3 4
5542 1 1 1 2 2 2 4
5541 1 2 2 2 2 3 5
5540 1 1 1 2 1 2 4
5539 2 1 2 2 1 3 5
5538 0 1 1 0 0 1 2
5537 2 2 2 2 2 3 6
5536 2 1 1 2 1 3 4
5535 2 2 1 1 1 2 4
5534 2 1 2 2 1 3 5
5533 1 2 1 1 1 2 4
5532 2 2 1 2 2 3 5
5531 1 2 1 1 1 2 4
5530 3 3 3 2 2 4 8
5529 2 1 1 2 1 3 5
5528 2 1 2 2 2 3 5
5527 3 3 2 3 2 4 7
5526 2 2 1 1 1 3 5
5525 3 2 2 3 2 3 6
5524 2 1 1 2 2 3 5
5523 1 1 2 2 1 2 4
5522 1 1 1 2 2 2 4
5521 3 3 2 2 2 4 7
5520 3 3 2 3 2 4 8
5519 1 1 1 2 1 2 3
5518 2 2 1 1 1 2 4
5517 3 2 2 2 1 3 6
5516 1 2 1 1 1 2 4
5515 2 2 2 2 1 2 4
5514 1 1 1 1 1 2 3
5513 3 1 1 2 2 4 6
5512 3 3 2 2 2 3 7
5511 3 2 1 4 3 4 8
5510 1 1 1 1 1 2 3
5509 3 3 2 2 2 4 7
5508 1 2 1 2 1 2 5
5507 1 1 1 1 1 2 3
5506 3 1 1 3 3 4 7
5505 2 2 1 2 1 3 5
5504 1 2 1 1 1 2 4
5503 2 3 3 3 2 4 7
5502 2 2 1 1 1 1 4
5501 1 1 1 1 1 1 3
5500 1 1 1 2 1 2 3
5499 2 2 3 2 2 4 7
5498 1 1 1 1 1 1 3
5497 1 1 1 1 1 2 3
5496 0 2 1 3 2 3 5
5495 2 1 1 2 1 3 4
5494 3 2 2 2 2 3 6
5493 3 2 2 2 2 3 6
5492 2 2 1 1 1 2 4
5491 4 3 2 3 2 4 8
5490 2 1 1 2 1 2 4
5489 3 2 2 2 1 3 6
5488 3 1 1 2 2 4 6
5487 3 2 1 3 2 4 7
5486 2 2 1 2 2 3 5
5485 2 2 1 2 1 3 5
5484 1 0 1 1 1 1 3
5483 2 1 1 1 1 3 5
5482 2 1 1 2 1 3 5
5481 0 2 1 0 0 0 2
5480 1 1 1 1 1 2 3
5479 3 2 2 3 3 4 8
5478 2 2 2 1 1 3 5
5477 3 2 2 3 2 4 6
5476 2 1 1 2 1 2 4
5475 3 3 1 2 2 4 7
5474 0 2 2 1 1 1 3
5473 3 2 1 2 1 3 6
5472 1 1 1 2 1 2 3
5471 4 4 3 2 2 4 8
5470 1 1 1 1 1 1 2
5469 0 0 1 3 1 3 4
5468 1 1 1 1 1 2 3
5467 1 0 1 1 1 1 3
5466 2 2 1 1 1 3 5
5465 1 1 1 2 1 2 3
5464 0 2 2 1 1 2 4
5463 2 2 1 2 1 2 4
5462 2 1 1 2 1 2 4
5461 2 1 1 1 1 2 4
5460 2 2 2 0 1 1 3
5459 1 1 2 2 1 2 4
5458 3 2 1 2 2 4 6
5457 2 2 2 2 1 2 5
5456 1 1 1 1 1 1 3
5455 2 1 1 1 1 2 4
5454 2 2 2 2 1 3 5
5453 1 1 2 2 1 2 4
5452 1 2 2 2 1 2 5
5451 0 1 1 2 1 1 3
5450 1 1 1 2 1 2 4
5449 3 2 1 2 2 4 6
5448 1 2 1 1 1 2 4
5447 1 1 1 1 1 1 3
5446 0 1 1 3 1 2 4
5445 2 2 2 2 1 3 5
5444 1 2 1 2 1 2 4
5443 2 2 1 1 1 2 4
5442 1 1 1 1 1 2 3
5441 1 1 1 1 1 2 3
5440 2 2 1 2 2 3 5
5439 1 4 3 1 1 3 7
5438 1 1 1 1 1 1 2
5437 2 1 2 1 1 2 5
5436 3 2 2 3 2 3 6
5435 2 1 1 2 1 2 4
5434 1 1 1 2 1 2 4
5433 1 1 1 2 1 2 4
5432 1 1 2 2 1 2 4
5431 2 2 1 2 1 3 5
5430 1 1 1 1 1 2 3
5429 1 1 1 1 1 2 3
5428 4 4 3 3 2 4 9
5427 1 0 1 1 1 1 2
5426 4 4 4 3 3 4 9
5425 1 1 1 1 1 2 3
5424 1 1 2 1 1 1 3
5423 2 2 1 3 2 3 5
5422 0 0 1 3 1 2 4
5421 2 2 1 2 1 3 5
5420 3 3 1 2 2 4 7
5419 0 3 3 1 1 2 5
5418 1 3 2 2 2 3 6
