5718 2 2 1 2 2 3 5
5717 0 1 2 3 1 2 4
5716 1 1 1 1 1 1 3
5715 2 2 1 1 1 3 5
5714 3 3 1 2 2 4 7
5713 0 1 1 2 1 1 3
5712 2 2 1 2 1 3 5
5711 3 3 1 2 1 3 6
5710 3 2 2 2 2 4 7
5709 1 1 1 1 1 2 3
5708 1 1 1 1 1 1 3
5707 1 2 1 1 1 2 4
5706 3 2 1 2 2 3 5
5705 1 1 2 2 2 2 4
5704 1 1 2 1 1 2 4
5703 2 3 2 3 2 4 7
5702 3 2 1 3 2 4 7
5701 2 1 1 1 1 2 4
5700 2 2 1 2 2 3 5
5699 1 1 1 1 1 2 3
5698 0 1 1 1 1 1 3
5697 4 3 3 2 2 3 8
5696 3 3 2 2 2 4 7
5695 1 1 2 2 1 2 4
5694 1 2 1 2 1 2 4
5693 1 2 1 2 2 2 4
5691 2 1 1 1 1 2 4
5690 1 1 1 1 1 1 3
5689 0 1 1 2 1 1 3
5688 2 2 1 2 2 3 5
5687 3 2 1 3 2 4 7
5686 2 1 2 1 1 2 4
5685 2 1 1 2 1 2 4
5684 1 0 1 1 1 1 3
5683 2 3 2 2 2 3 6
5682 3 2 2 2 2 3 6
5681 1 1 1 2 1 2 3
5680 1 1 1 1 1 2 3
5679 3 2 1 4 3 4 8
5678 1 1 1 2 1 2 4
5677 3 2 2 2 2 3 6
5676 1 2 1 1 2 2 4
5675 1 1 1 1 1 1 3
5674 1 1 1 1 1 1 2
5673 2 1 1 1 1 2 4
5672 2 1 1 2 2 3 5
5671 2 1 1 2 1 3 5
5670 2 2 1 2 1 3 5
5669 0 1 2 2 1 2 4
5668 1 2 1 1 1 2 4
5667 1 1 1 2 1 2 3
5666 2 1 1 0 0 1 2
5665 2 2 1 2 1 2 4
5664 0 0 1 3 1 2 4
5663 3 1 1 2 2 3 6
5662 0 0 1 3 1 2 4
5661 0 1 1 0 0 0 1
5660 0 1 2 2 1 1 3
5659 1 1 1 2 1 2 3
5658 0 2 1 0 1 1 3
5657 3 2 2 2 2 3 6
5656 1 1 1 1 1 1 3
5655 3 3 3 2 2 4 8
5654 1 2 1 2 2 2 5
5653 2 1 1 1 1 3 5
5652 2 2 2 2 2 3 6
5651 3 1 1 2 2 4 6
5650 1 2 1 2 2 3 5
5649 0 1 1 1 1 1 3
5648 1 2 1 1 1 2 4
5647 2 1 2 2 2 3 5
5646 1 1 1 1 1 2 3
5645 2 1 1 2 1 3 5
5644 2 2 1 2 1 3 5
5643 0 2 2 1 1 2 4
5642 3 1 1 2 2 4 6
5641 0 0 1 2 1 1 2
5640 3 2 3 2 2 4 7
5639 3 3 3 2 1 3 7
5638 1 1 1 2 2 3 4
5637 2 1 2 1 1 2 4
5636 1 3 2 2 2 3 6
5635 3 2 2 3 3 4 7
5634 1 1 1 1 1 2 3
5633 1 1 1 1 1 2 3
5632 1 1 1 2 1 2 4
5631 0 1 3 2 1 2 5
5630 1 2 1 1 1 2 4
5629 3 3 1 1 1 3 6
5628 2 1 1 2 1 3 5
5627 0 1 1 2 1 1 3
5626 2 2 1 1 1 2 4
5625 1 1 1 2 1 2 3
5624 2 2 1 2 2 3 5
5623 4 4 3 3 2 4 8
5622 1 1 1 2 1 2 4
5621 2 2 1 1 1 2 4
5620 0 2 2 1 1 1 3
5619 3 3 2 2 2 4 7
5618 2 1 1 2 1 3 4
5617 2 3 2 2 1 3 6
5616 2 3 2 2 1 3 6
5615 3 1 1 2 2 3 6
5614 2 1 1 3 2 3 5
5613 3 2 2 3 3 4 7
5612 3 2 2 2 2 4 7
5611 2 2 1 2 2 3 5
5610 2 2 2 2 1 3 5
5609 3 2 2 3 2 4 7
5608 2 2 1 2 2 3 5
5607 2 2 1 2 1 2 4
5606 0 0 1 1 1 1 2
5605 1 1 1 1 1 2 3
5604 3 2 1 3 3 4 7
5603 2 1 1 2 2 3 5
5602 3 2 1 3 3 4 7
5601 3 2 1 4 3 4 8
5600 1 1 1 2 1 2 4
5599 0 2 1 0 0 0 2
5598 2 2 1 2 1 3 5
5597 2 2 1 1 1 2 4
5596 4 4 2 2 2 4 9
5595 1 1 2 2 1 2 4
5594 2 2 2 2 3 3 6
5593 1 1 1 1 1 1 3
5592 1 1 2 2 1 2 4
5591 2 1 1 1 1 2 4
5590 3 2 2 2 2 3 6
5589 2 3 2 2 1 3 6
5588 0 1 1 1 1 1 2
5587 2 2 1 2 2 3 6
5586 0 1 1 0 0 0 2
5585 1 2 1 1 1 1 3
5584 0 1 1 2 1 1 3
5583 1 1 1 2 1 2 4
5582 3 2 1 3 2 4 7
5581 4 4 3 2 2 4 9
5580 1 1 2 2 2 3 5
5579 1 1 1 1 1 2 3
5578 3 3 1 2 2 4 7
5577 2 2 1 2 1 3 5
5576 2 2 2 2 2 3 5
5575 2 1 1 1 1 2 4
5574 2 2 2 2 2 3 6
5573 0 0 1 3 1 2 4
5572 0 2 1 3 2 3 5
5571 2 1 2 2 2 3 5
5570 1 1 1 2 1 2 3
5569 2 1 1 1 1 2 4
5568 2 1 2 2 2 3 5
