5869 3 3 3 3 2 3 7
5868 1 1 1 1 1 1 3
5867 1 1 1 2 1 1 3
5866 0 1 1 3 2 2 4
5865 3 3 3 3 2 4 8
5864 2 1 1 2 1 3 5
5863 1 1 2 2 2 3 5
5862 1 1 1 2 2 2 4
5861 2 2 1 3 2 3 5
5860 2 1 1 2 2 3 5
5859 1 1 1 2 1 2 4
5858 0 1 0 1 0 1 2
5857 3 2 1 2 2 4 6
5856 1 1 1 2 1 2 4
5855 3 3 3 3 2 4 8
5854 2 3 2 2 2 3 6
5853 1 1 2 3 2 3 5
5852 1 1 2 2 2 3 5
5851 0 0 1 3 1 2 3
5850 2 2 1 2 2 3 5
5849 2 2 2 2 2 3 6
5848 2 1 1 2 2 3 5
5847 2 2 2 2 2 2 5
5846 4 4 4 3 2 3 8
5845 3 3 2 3 2 4 7
5844 2 2 1 2 2 3 5
5843 2 2 1 2 2 3 6
5842 0 0 1 3 1 2 3
5841 1 1 1 2 2 2 4
5840 2 2 2 2 2 2 5
5839 0 1 2 2 1 2 4
5838 2 2 2 2 2 3 6
5837 1 2 1 2 1 2 4
5836 0 1 1 1 1 1 3
5835 1 1 1 2 1 2 4
5834 3 2 1 2 2 4 6
5833 2 3 2 2 2 3 6
5832 1 1 1 1 1 2 4
5831 0 0 1 3 1 2 3
5830 0 0 1 3 1 2 3
5829 3 1 1 3 2 4 6
5828 2 2 1 2 2 3 5
5827 2 2 2 3 2 3 6
5826 4 4 3 3 1 3 8
5825 1 1 1 2 1 2 4
5824 2 3 1 2 3 3 6
5823 3 3 2 2 2 3 7
5822 2 2 1 3 2 3 5
5821 1 2 1 2 1 2 4
5820 0 4 3 1 1 2 6
5819 0 3 3 1 1 2 6
5818 3 3 2 2 1 3 6
5817 2 3 2 2 3 3 7
5816 1 1 1 2 1 2 3
5815 3 3 2 2 2 3 7
5814 0 1 2 1 1 1 3
5813 2 2 1 3 2 3 5
5812 1 1 1 2 2 2 4
5811 3 2 2 3 2 3 6
5810 2 2 1 2 2 3 5
5809 1 2 2 3 2 3 5
5808 1 1 1 1 1 2 3
5807 1 1 2 2 1 2 4
5806 2 2 1 2 2 3 5
5805 2 2 1 2 2 3 5
5804 2 1 1 2 2 3 5
5803 2 2 2 2 2 3 6
5802 1 2 1 2 2 2 4
5801 1 1 2 2 1 2 4
5800 1 0 0 0 0 1 2
5799 1 2 1 1 1 1 3
5798 2 2 1 2 1 2 4
5797 2 3 2 3 2 3 6
5796 3 1 1 1 1 1 3
5795 2 2 1 3 2 3 5
5794 1 1 1 2 2 2 4
5793 1 1 1 1 1 1 3
5792 2 3 3 3 2 4 7
5791 1 2 1 1 1 2 4
5790 4 3 3 3 2 4 8
5789 0 1 1 3 2 3 5
5788 1 2 1 2 1 2 4
5787 1 1 1 2 2 2 4
5786 2 3 2 2 1 2 5
5785 0 1 1 1 1 1 3
5784 1 1 1 2 1 2 4
5783 2 3 2 2 2 3 6
5782 1 1 1 1 1 1 3
5781 2 1 1 1 1 2 4
5780 0 1 1 3 1 2 3
5779 1 1 2 2 2 3 5
5778 1 2 1 1 1 2 4
5777 4 4 3 3 2 4 9
5776 2 2 2 2 1 3 5
5775 2 2 2 1 1 2 5
5774 0 0 1 3 1 2 3
5773 3 2 2 3 2 3 6
5772 1 1 1 2 1 2 4
5771 2 2 1 1 1 2 5
5770 2 2 2 1 1 2 5
5769 2 2 2 3 2 3 6
5768 1 1 1 1 1 1 3
5767 1 1 1 2 1 2 4
5766 1 1 1 2 1 2 4
5765 0 1 1 1 1 1 3
5764 2 2 1 2 1 2 4
5763 2 3 2 3 2 3 6
5762 2 1 2 2 2 3 5
5761 1 2 1 2 2 3 5
5760 3 2 2 2 2 4 7
5759 1 1 2 2 1 2 4
5758 2 1 1 1 1 2 4
5757 2 3 2 2 2 3 6
5756 1 1 2 2 1 2 4
5755 3 2 2 3 3 3 6
5754 2 3 2 2 2 3 7
5753 1 0 1 2 2 2 3
5752 2 1 1 2 2 3 5
5751 1 1 1 1 1 2 3
5750 1 2 2 3 1 3 5
5749 1 1 1 2 1 2 4
5748 2 2 1 2 1 2 4
5747 2 3 2 3 1 2 5
5746 2 2 1 2 1 2 5
5744 1 2 2 2 1 2 4
5743 0 1 2 1 1 1 3
5742 2 1 1 2 2 3 5
5741 1 2 1 2 1 2 4
5740 1 1 1 1 1 1 3
5739 4 4 3 3 2 4 9
5738 3 3 2 2 2 3 6
5737 2 2 1 2 1 2 5
5736 1 1 2 2 1 2 4
5735 1 1 1 2 1 2 4
5734 1 2 1 2 2 2 4
5733 1 1 1 2 1 2 4
5732 1 2 1 2 1 2 4
5731 3 3 2 3 2 4 7
5730 1 2 1 2 1 2 5
5729 2 2 2 2 2 3 5
5728 2 2 1 1 1 2 4
5727 1 1 2 3 2 3 5
5726 3 3 2 3 2 3 7
5725 1 1 1 2 1 2 4
5724 2 1 1 2 2 3 5
5723 1 2 1 2 2 3 5
5722 1 2 1 1 1 2 4
5721 3 3 2 2 1 3 7
5720 0 2 2 1 1 1 3
5719 1 1 1 1 1 2 4
