6019 2 2 1 3 2 3 5
6018 1 1 1 2 2 2 4
6017 3 1 2 3 2 4 6
6016 2 2 1 2 1 2 4
6015 4 3 3 2 2 4 8
6014 1 1 1 2 1 2 3
6013 2 1 1 2 2 3 5
6012 1 1 1 1 1 2 3
6011 1 2 1 2 2 3 5
6010 1 1 1 2 1 2 4
6009 1 2 2 2 2 3 5
6008 1 0 1 1 1 1 3
6007 2 2 2 2 3 3 5
6006 0 1 2 4 2 3 5
6005 1 2 1 2 2 3 5
6004 1 1 2 2 1 2 4
6003 1 3 3 1 1 2 5
6002 3 3 3 3 3 4 8
6001 3 1 1 3 2 3 6
6000 2 1 2 2 2 2 4
5999 1 2 1 2 1 2 4
5998 2 2 1 2 1 2 4
5997 1 1 1 1 1 1 3
5996 1 1 1 1 1 2 4
5995 1 0 0 1 1 2 3
5994 2 3 2 3 2 3 6
5993 1 1 1 1 1 1 3
5992 1 1 1 2 1 2 4
5991 2 1 1 2 2 3 5
5990 2 2 1 2 2 3 5
5989 0 0 1 3 1 2 4
5988 1 2 1 2 2 2 4
5987 1 1 1 1 1 1 3
5986 3 2 1 3 2 4 7
5985 3 4 3 2 1 3 7
5984 3 3 3 4 2 4 8
5983 1 1 1 1 1 1 3
5982 1 1 1 1 1 2 3
5981 3 4 2 3 2 4 8
5980 3 3 2 3 2 3 7
5979 2 2 1 2 2 3 6
5978 1 1 1 2 1 2 4
5977 3 3 3 2 2 3 6
5976 0 2 2 3 2 3 5
5975 0 0 1 2 1 1 3
5974 1 2 2 2 2 3 5
5973 3 1 1 3 2 4 6
5972 1 1 1 2 1 2 4
5971 1 1 1 2 1 2 4
5970 1 1 1 2 1 1 3
5969 1 2 2 2 1 3 5
5968 1 0 1 1 1 2 3
5967 4 3 4 3 2 3 7
5966 1 1 1 2 1 2 4
5965 3 3 2 3 2 4 7
5964 0 0 1 2 1 1 3
5963 0 1 1 2 1 2 4
5962 1 2 1 3 2 2 4
5961 0 0 1 3 1 2 4
5960 2 2 2 3 1 3 5
5959 0 2 2 1 1 1 3
5958 0 1 1 1 1 1 2
5957 2 1 1 2 2 3 5
5956 1 1 1 2 1 2 4
5955 0 1 1 2 1 1 3
5954 1 1 1 2 2 2 4
5953 0 1 1 1 1 1 2
5952 1 1 1 1 1 2 3
5951 1 1 1 1 1 1 3
5950 0 1 1 1 1 1 2
5949 2 1 2 2 2 3 5
5948 2 2 1 1 1 2 4
5947 3 1 1 3 2 4 6
5946 1 2 1 1 1 2 4
5945 1 1 1 2 1 2 4
5944 4 4 3 2 1 3 8
5943 2 1 1 2 2 3 5
5942 1 1 1 2 1 2 4
5941 2 1 2 2 1 2 4
5940 0 1 1 2 1 2 3
5939 2 2 1 1 1 2 5
5938 1 2 1 1 1 2 4
5937 0 2 1 0 0 1 2
5936 3 1 1 3 2 4 7
5935 1 1 2 2 1 2 4
5934 2 1 1 2 2 3 5
5933 3 2 2 3 3 4 7
5932 2 2 1 3 1 3 5
5931 2 2 1 3 2 3 5
5930 2 2 2 3 2 3 6
5929 1 1 1 2 1 2 4
5928 1 1 1 1 1 2 3
5927 1 1 1 1 1 2 3
5926 1 2 1 2 1 2 4
5925 3 3 2 2 1 3 6
5924 0 1 1 1 1 1 3
5923 2 2 1 2 2 3 5
5922 2 2 1 2 1 3 5
5921 2 1 1 3 2 3 6
5920 2 2 2 2 1 3 5
5919 0 1 1 1 1 1 2
5918 1 2 1 2 2 2 4
5917 0 0 1 3 1 1 3
5916 2 2 2 2 1 2 4
5915 2 2 2 2 2 3 5
5914 1 2 1 2 2 3 5
5913 1 2 2 2 2 2 4
5912 1 1 2 3 2 3 5
5911 2 2 1 2 1 2 5
5910 1 2 1 1 1 2 4
5909 1 2 3 2 1 3 5
5908 1 2 1 2 1 2 4
5907 2 2 1 2 1 2 4
5906 2 2 2 2 3 3 6
5905 0 0 1 3 1 2 3
5904 3 2 1 3 2 4 7
5903 0 0 1 1 1 1 2
5902 2 1 1 1 1 2 4
5901 0 0 1 3 1 2 3
5900 2 2 2 2 3 3 6
5899 0 1 1 1 1 1 3
5898 2 2 1 2 1 2 4
5897 0 0 1 3 1 2 4
5896 2 2 1 3 2 3 6
5895 0 0 1 3 1 2 3
5894 0 0 1 3 1 2 4
5893 2 2 2 3 2 3 5
5892 1 1 2 1 1 2 4
5891 2 3 2 3 2 3 6
5890 2 3 3 3 2 3 6
5889 2 1 2 2 1 2 4
5888 2 2 1 3 3 3 5
5887 1 1 1 2 1 2 4
5886 3 4 2 3 2 4 8
5885 2 2 2 3 2 3 6
5884 0 0 1 2 1 1 2
5883 1 1 1 2 2 2 4
5882 1 2 1 2 2 2 4
5881 0 1 2 3 2 3 5
5880 2 2 1 3 2 3 5
5879 1 2 2 2 1 3 5
5878 2 2 1 3 2 3 6
5877 2 2 1 2 2 3 6
5876 3 4 2 3 2 4 8
5875 1 1 1 1 1 2 3
5874 1 1 1 2 1 1 3
5873 2 1 1 2 1 2 4
5872 3 1 2 3 2 4 7
5871 1 1 1 2 1 2 4
5870 2 2 2 3 2 3 6
