6170 2 2 2 2 2 3 6
6169 2 1 1 2 2 3 5
6168 0 0 1 3 1 2 3
6167 0 0 1 2 1 1 2
6166 2 1 1 2 2 3 5
6165 1 2 2 2 1 2 4
6164 2 1 1 1 1 2 4
6163 2 2 1 3 2 3 6
6162 1 1 1 2 1 2 4
6161 0 0 1 1 1 1 2
6160 0 0 1 3 1 2 2
6159 2 2 1 2 2 3 5
6158 2 3 2 3 2 3 6
6157 1 1 2 2 1 2 4
6156 1 2 1 1 1 2 4
6155 3 2 2 2 2 3 6
6154 0 0 1 3 1 2 4
6153 1 1 1 2 1 2 4
6152 2 1 1 2 2 3 5
6151 3 3 3 2 1 3 6
6150 1 1 1 1 1 2 3
6149 2 2 2 2 1 2 5
6148 2 2 2 2 2 3 6
6147 1 1 1 2 1 2 4
6146 0 1 1 1 1 1 2
6145 1 2 1 2 1 3 5
6144 3 3 2 2 2 3 7
6143 1 1 2 2 2 2 4
6142 2 2 2 3 2 3 5
6141 3 2 1 3 2 4 7
6140 1 1 1 1 1 1 3
6139 2 2 2 2 1 2 5
6138 2 1 1 2 1 2 4
6137 1 2 1 1 1 2 4
6136 1 1 1 2 1 2 4
6135 3 2 1 3 2 4 7
6134 2 1 1 2 2 3 5
6133 4 4 4 3 2 4 9
6132 0 1 1 1 1 1 3
6131 2 1 1 2 1 2 4
6130 2 3 2 2 2 3 6
6129 3 2 1 3 2 4 7
6128 2 3 2 3 2 3 7
6127 2 2 2 2 3 3 5
6126 2 3 2 3 2 3 6
6125 1 1 2 2 1 2 4
6124 3 3 2 3 3 3 6
6123 1 2 1 1 1 2 4
6122 0 2 3 2 1 2 5
6121 2 3 2 2 2 3 6
6120 1 2 2 2 1 2 5
6119 1 1 1 2 1 2 4
6118 2 3 2 2 2 3 6
6117 0 1 1 1 1 1 2
6116 1 2 2 2 1 2 4
6115 1 2 1 1 1 2 4
6114 0 1 0 1 1 1 2
6113 2 2 1 2 2 3 4
6112 1 1 1 2 2 2 4
6111 3 4 3 3 3 4 8
6110 0 0 1 1 1 1 2
6109 1 1 1 2 0 1 3
6108 0 0 1 3 1 2 3
6107 1 1 1 2 1 2 3
6106 1 2 2 2 1 2 4
6105 3 3 2 3 2 4 7
6104 1 2 1 2 1 2 4
6103 3 1 1 2 2 4 6
6102 2 1 1 2 1 2 4
6101 0 2 2 1 1 1 3
6100 2 2 2 2 2 3 5
6099 2 2 1 2 2 3 5
6098 2 1 1 2 2 2 4
6097 1 1 1 2 1 2 4
6096 0 1 1 1 1 1 3
6095 1 1 1 1 1 2 4
6094 1 1 2 2 2 2 4
6093 1 1 1 2 1 2 4
6092 2 2 2 2 2 3 6
6091 4 4 2 3 2 3 8
6090 1 2 1 1 1 2 4
6089 4 3 2 3 2 4 8
6088 1 1 1 1 1 2 3
6087 1 2 1 2 1 2 4
6086 0 2 3 2 1 3 5
6085 1 1 1 2 1 2 4
6084 0 1 1 1 1 2 3
6083 2 1 1 2 2 3 5
6082 2 1 1 2 3 3 5
6081 2 1 1 1 1 2 4
6080 1 1 1 2 1 2 3
6079 2 2 1 2 2 3 5
6078 1 2 1 2 1 2 4
6077 0 0 1 1 1 1 2
6076 2 2 1 2 2 3 5
6075 1 2 1 2 1 2 4
6074 1 1 1 1 1 1 3
6073 0 1 1 1 1 1 2
6072 1 2 2 2 1 2 4
6071 1 2 1 2 1 2 4
6070 2 2 2 1 1 1 3
6069 1 2 1 2 3 3 5
6068 3 2 2 3 2 3 6
6067 3 2 1 2 2 4 6
6065 3 1 1 3 2 4 6
6064 0 2 2 1 1 1 3
6063 2 1 1 2 1 2 4
6062 2 2 1 2 1 2 5
6061 0 1 2 2 1 2 4
6060 1 1 1 2 1 2 4
6059 2 3 1 3 2 3 6
6058 1 0 1 2 1 1 2
6057 2 2 2 2 3 3 5
6056 0 1 1 1 1 1 2
6055 2 2 1 3 2 3 6
6054 2 2 1 2 2 3 5
6053 3 2 1 3 2 4 7
6052 2 2 1 2 1 3 5
6051 2 3 2 2 2 4 7
6050 2 2 2 2 1 3 5
6049 3 2 2 3 2 3 5
6048 0 1 1 3 1 2 3
6047 2 2 2 2 1 2 5
6046 1 0 1 1 1 1 2
6045 1 1 1 2 2 2 4
6044 2 2 2 2 2 3 6
6043 1 2 2 2 2 3 5
6042 3 3 2 2 2 4 7
6041 1 1 1 1 1 1 3
6040 3 3 2 3 2 4 7
6039 1 1 1 2 1 2 4
6038 1 1 1 2 2 2 4
6037 1 1 1 2 1 2 4
6036 2 3 2 2 2 3 6
6035 1 2 2 2 2 3 5
6034 1 1 2 2 2 2 4
6033 1 1 1 2 2 2 4
6032 0 1 1 1 1 1 2
6031 2 2 2 2 1 2 5
6030 1 1 1 2 1 1 3
6029 0 0 1 1 1 1 2
6028 2 2 1 3 1 3 5
6027 2 3 2 3 2 3 6
6026 0 0 1 2 1 1 2
6025 1 2 1 1 1 2 4
6024 3 2 2 2 1 3 5
6023 1 1 1 2 2 2 4
6022 1 1 1 2 1 2 4
6021 1 2 1 2 1 2 4
6020 0 0 1 3 1 2 4
