6320 2 2 1 2 1 3 5
6319 2 1 1 2 2 3 5
6318 2 2 2 2 1 3 5
6317 0 0 1 2 1 1 3
6316 1 2 2 2 1 3 5
6315 2 2 2 3 2 4 7
6314 2 2 1 2 1 3 5
6313 0 1 1 2 1 2 4
6312 1 2 1 2 2 3 5
6311 2 1 1 2 1 3 4
6310 3 2 2 2 2 4 7
6309 1 1 1 2 1 3 4
6308 3 3 2 2 2 4 8
6307 3 1 1 2 1 4 6
6306 0 1 0 1 0 1 2
6305 2 0 1 1 1 2 4
6304 1 1 1 1 1 1 3
6303 1 1 1 2 2 3 4
6302 0 1 1 1 1 1 3
6301 1 1 2 2 2 2 4
6300 2 2 1 2 1 3 5
6299 2 3 3 2 2 4 7
6298 1 1 1 1 1 1 3
6297 1 1 1 2 2 3 4
6296 0 1 1 1 1 1 3
6295 3 1 1 3 2 4 6
6294 0 1 1 1 1 1 2
6293 1 1 1 2 1 2 4
6292 1 1 2 2 2 3 5
6291 3 2 2 2 1 4 7
6290 1 2 2 2 2 3 5
6289 4 3 1 3 1 4 7
6288 2 2 2 2 2 3 6
6287 1 1 1 1 1 2 4
6286 2 2 1 2 1 3 6
6285 1 0 1 2 1 2 3
6284 2 2 1 2 1 3 6
6283 2 2 2 2 1 3 5
6282 4 4 2 3 2 4 8
6281 1 1 2 3 2 3 5
6280 1 1 1 2 2 3 5
6279 0 0 1 1 1 1 2
6278 1 1 1 1 1 2 4
6277 1 2 1 1 1 1 3
6276 3 3 2 2 2 4 7
6275 3 1 1 2 2 4 6
6274 2 1 2 2 1 3 5
6273 1 2 1 2 1 2 4
6272 1 1 1 2 1 2 4
6271 0 1 1 2 1 2 4
6270 1 1 1 1 1 2 4
6269 1 2 1 2 2 3 6
6268 2 1 1 2 1 3 4
6267 0 1 1 1 1 1 2
6266 0 1 3 2 2 3 5
6265 1 1 1 1 1 1 3
6264 1 1 1 1 1 1 3
6263 2 1 1 2 2 3 5
6262 2 1 1 2 1 3 5
6261 1 1 2 2 2 3 5
6260 2 2 2 2 2 4 7
6259 1 1 1 2 2 2 4
6258 2 2 1 2 1 3 6
6257 1 1 1 2 1 3 4
6256 1 0 1 1 1 1 3
6255 2 1 1 2 1 3 5
6254 3 1 1 3 2 4 7
6253 1 2 1 1 1 2 4
6252 1 1 1 2 2 3 5
6251 1 1 1 1 1 2 3
6250 0 1 2 2 1 2 4
6249 2 2 1 2 2 3 6
6248 1 2 1 2 2 3 5
6247 0 0 1 2 1 2 3
6246 1 1 1 1 1 2 4
6245 1 2 1 2 1 2 4
6244 3 1 1 3 2 4 7
6243 2 2 1 2 2 3 5
6242 0 0 1 2 1 2 3
6241 2 2 2 2 2 3 6
6240 2 2 1 2 1 3 5
6239 1 1 1 2 1 2 4
6238 1 1 1 1 1 2 4
6237 2 2 2 2 1 3 6
6236 1 0 0 1 0 1 2
6235 3 3 2 3 2 4 7
6234 1 1 1 2 1 2 4
6233 2 2 1 3 2 3 5
6232 1 1 2 2 2 2 4
6231 1 1 1 1 1 2 4
6230 2 1 2 2 1 3 5
6229 1 2 2 1 1 2 4
6228 2 2 1 2 1 3 5
6227 1 2 1 2 1 2 5
6226 1 0 1 1 1 2 3
6225 0 0 1 2 1 2 3
6224 3 1 1 3 2 4 7
6223 0 0 0 0 0 0 0
6222 1 1 1 2 2 3 5
6221 3 3 1 3 2 4 7
6220 2 1 1 2 1 2 4
6219 0 1 2 2 1 2 4
6218 2 2 2 2 2 2 5
6217 2 1 1 2 1 3 5
6216 1 1 1 2 1 2 4
6215 1 0 1 1 1 2 3
6214 1 1 1 1 1 1 3
6213 3 2 2 2 1 3 6
6212 2 2 1 2 1 3 6
6211 2 1 2 2 1 2 5
6210 0 0 1 2 1 2 3
6209 2 3 2 2 1 2 5
6208 1 2 2 2 1 3 6
6207 1 1 1 1 1 2 4
6206 1 2 2 1 1 1 3
6205 1 1 1 1 1 2 4
6204 1 1 1 2 1 2 4
6203 1 1 1 1 1 2 4
6202 0 3 2 1 1 3 5
6201 2 3 2 2 2 3 6
6200 2 1 2 2 1 3 5
6199 1 0 1 1 1 1 3
6198 1 1 1 2 1 2 4
6197 2 1 2 2 1 3 5
6196 2 2 1 2 1 3 5
6195 3 1 1 2 1 4 6
6194 1 1 1 1 1 2 4
6193 3 3 2 3 2 4 7
6192 2 1 2 2 3 3 5
6191 0 2 2 1 1 2 4
6190 0 0 1 2 1 1 2
6189 1 1 1 1 1 1 3
6188 0 0 1 1 1 1 2
6187 1 1 1 2 1 2 4
6186 2 1 1 2 2 3 5
6185 1 1 1 1 1 2 3
6184 2 1 1 2 2 3 5
6183 0 0 1 1 1 1 2
6182 1 1 1 2 1 3 4
6181 1 1 1 1 1 2 3
6180 3 2 1 2 2 4 6
6179 0 0 1 2 1 2 3
6178 4 4 2 2 1 1 5
6177 2 2 2 2 1 3 6
6176 1 1 1 1 1 2 3
6175 2 1 1 2 1 3 4
6174 2 1 2 3 2 4 6
6173 1 1 1 2 1 2 4
6172 3 1 1 3 2 4 7
6171 2 2 1 2 1 2 5
