6470 0 0 1 2 1 2 3
6469 3 2 1 2 1 3 5
6468 2 1 1 2 2 3 5
6467 1 1 1 2 1 2 4
6466 1 1 1 1 1 1 2
6465 3 2 2 3 2 4 6
6464 0 0 1 2 1 2 3
6463 2 1 1 2 1 3 4
6462 1 2 1 2 2 3 5
6461 0 0 1 2 1 1 2
6460 2 1 1 2 1 3 4
6459 2 2 1 2 1 3 5
6458 2 3 2 2 2 3 6
6457 0 1 1 1 0 1 2
6456 3 1 1 3 2 4 7
6455 2 1 1 2 1 3 5
6454 0 0 1 1 1 1 2
6453 2 2 1 2 1 3 5
6452 1 1 2 2 1 3 5
6451 1 1 0 1 1 1 3
6450 2 3 3 1 1 1 4
6449 4 4 2 3 1 4 9
6448 2 3 1 2 1 3 6
6447 1 1 1 2 1 2 3
6446 1 1 1 1 1 2 4
6445 1 1 1 1 1 1 3
6444 2 2 2 2 1 3 5
6443 2 1 1 1 1 3 5
6442 1 1 1 2 1 2 4
6441 3 1 1 3 2 4 6
6440 3 2 1 2 2 4 6
6439 2 2 1 2 1 3 5
6438 2 2 1 2 2 3 5
6437 2 2 2 2 1 3 6
6436 1 2 1 2 3 3 5
6435 0 0 1 2 1 2 3
6434 2 1 1 2 2 3 5
6433 2 2 2 2 1 3 6
6432 1 1 2 2 1 3 5
6431 1 1 1 2 1 2 4
6430 2 2 1 2 1 3 5
6429 2 1 1 1 1 2 4
6428 1 1 1 2 1 2 4
6427 1 0 1 1 1 1 2
6426 2 2 1 2 1 2 5
6425 3 2 2 2 1 3 6
6424 0 0 1 2 1 1 3
6423 3 3 1 2 2 3 6
6422 2 1 2 2 1 3 5
6421 1 1 1 2 1 2 4
6420 3 1 2 2 1 3 6
6419 0 0 1 2 1 2 3
6418 1 1 1 1 1 1 3
6417 0 2 2 1 1 1 3
6416 2 1 1 2 1 3 4
6415 1 0 1 1 1 1 2
6414 1 3 2 2 1 2 5
6413 2 2 1 2 1 3 5
6412 3 1 1 2 2 4 6
6411 0 0 0 0 0 0 1
6410 1 2 1 2 2 2 4
6409 1 1 1 1 1 1 3
6408 2 1 1 2 1 3 5
6407 1 1 1 2 1 2 4
6406 1 1 2 2 1 3 5
6405 0 0 1 2 1 2 3
6404 2 2 1 2 1 2 5
6403 2 2 1 1 1 3 5
6402 3 3 2 3 2 4 7
6401 1 1 1 1 2 2 4
6400 1 1 1 2 2 3 4
6399 1 1 2 2 1 2 5
6398 2 3 2 2 1 3 6
6397 1 2 2 2 1 2 5
6396 3 3 1 2 1 4 7
6395 4 3 3 3 2 4 8
6394 1 1 1 1 2 2 4
6393 0 0 1 1 1 1 2
6392 3 3 1 2 1 3 6
6391 0 0 1 2 1 2 3
6390 2 2 1 2 1 2 5
6389 2 1 0 1 1 2 4
6388 2 2 2 2 2 3 6
6387 1 2 1 2 2 3 4
6386 2 2 1 2 1 3 5
6385 2 2 1 2 2 3 6
6384 2 1 1 2 2 3 5
6383 1 1 1 1 1 2 4
6382 3 3 1 2 2 4 7
6381 2 2 1 2 1 3 5
6380 2 1 1 2 1 2 5
6379 1 2 1 1 1 2 4
6378 1 0 1 1 1 2 3
6377 1 1 1 1 1 2 4
6376 1 1 2 2 1 3 5
6375 0 0 1 2 1 2 3
6374 2 1 1 2 1 3 5
6373 1 0 1 2 1 1 3
6372 2 1 2 2 1 3 5
6371 2 2 1 2 1 3 6
6370 1 1 1 1 1 1 3
6369 0 0 1 2 1 1 2
6368 0 0 1 1 1 1 2
6367 3 1 1 2 2 4 6
6366 3 3 3 2 2 2 6
6365 2 1 2 2 1 3 5
6364 1 1 1 1 1 2 3
6363 1 3 3 1 1 1 3
6362 2 0 1 1 1 2 4
6361 1 1 1 2 1 1 3
6360 2 2 1 2 1 3 5
6359 1 1 1 2 1 3 4
6358 1 2 2 2 2 3 5
6357 2 1 1 2 1 3 5
6356 2 3 1 2 2 4 7
6355 1 1 1 1 1 1 3
6354 1 1 1 1 1 2 3
6353 1 1 1 2 1 2 4
6352 0 1 1 1 1 1 3
6351 1 0 0 1 1 1 2
6350 1 0 1 1 2 2 4
6349 3 3 2 2 2 4 7
6348 1 1 1 2 2 2 4
6347 0 0 1 1 1 1 2
6346 2 1 2 2 1 3 5
6345 1 1 1 1 1 2 4
6344 0 0 1 2 1 1 3
6343 1 2 1 2 1 2 5
6342 0 1 1 2 1 2 4
6341 1 1 1 2 1 2 4
6340 1 1 2 2 1 3 5
6339 1 2 2 2 2 3 5
6338 1 1 1 1 1 1 3
6337 0 1 2 2 1 2 4
6336 2 1 2 2 1 3 5
6335 1 1 1 2 1 2 4
6334 2 1 2 2 1 3 5
6333 1 1 1 1 1 2 4
6332 0 0 1 1 1 1 2
6331 0 0 1 1 1 1 2
6330 0 1 1 1 1 1 2
6329 2 1 1 2 1 2 4
6328 1 1 1 2 2 2 4
6327 2 1 2 2 2 3 5
6326 0 0 1 2 1 2 4
6325 3 3 1 2 1 3 6
6324 3 2 1 3 2 4 7
6323 2 1 1 2 1 3 5
6322 2 1 1 2 1 3 5
6321 1 1 1 1 1 2 3
