6620 2 2 2 2 1 3 6
6619 1 0 1 2 1 1 2
6618 3 2 2 1 1 0 2
6617 0 1 1 1 1 1 2
6616 1 2 1 2 1 3 5
6615 2 2 2 2 1 3 6
6614 1 1 1 2 2 3 5
6613 2 0 1 1 1 2 4
6612 1 2 1 1 1 2 4
6611 1 1 1 2 2 2 5
6610 4 3 3 3 2 4 8
6609 3 3 2 2 2 4 7
6608 1 1 1 1 1 1 3
6607 2 2 1 2 1 3 5
6606 2 1 1 2 2 3 5
6605 1 1 1 2 1 3 5
6604 0 2 1 1 1 1 3
6603 1 2 1 1 1 2 4
6602 1 1 1 1 1 1 3
6601 3 2 1 2 2 4 6
6600 1 2 2 2 1 2 5
6599 2 1 2 2 2 3 5
6598 3 2 1 2 1 3 5
6597 2 1 1 2 2 3 6
6596 1 2 2 2 1 2 4
6595 3 2 1 2 1 3 6
6594 1 1 1 2 2 2 4
6593 1 1 1 1 1 2 4
6592 3 1 1 2 1 4 6
6591 1 2 1 1 1 2 4
6590 2 2 2 3 2 3 6
6589 2 3 2 2 2 4 7
6588 1 2 1 2 1 2 4
6587 2 1 1 2 1 2 4
6586 2 2 2 2 2 3 6
6585 3 3 2 3 2 4 7
6584 1 1 1 1 1 1 3
6583 0 0 0 0 0 0 1
6582 2 1 1 2 1 2 4
6581 0 0 0 0 0 0 1
6580 2 2 1 3 2 3 6
6579 3 2 1 2 2 3 6
6578 3 3 2 2 1 4 7
6577 0 1 1 1 1 1 3
6576 3 3 2 2 1 4 8
6575 2 1 1 2 2 3 5
6574 2 1 2 1 1 2 4
6573 1 1 1 1 1 1 3
6572 2 1 1 2 1 2 4
6571 1 1 1 1 1 1 3
6570 2 1 1 2 2 3 6
6569 0 0 1 2 1 2 3
6568 1 1 2 2 1 2 4
6567 1 1 1 1 1 2 3
6566 4 3 1 2 1 3 7
6565 1 2 2 2 1 2 5
6564 2 1 1 2 2 3 5
6563 1 1 1 1 1 1 3
6562 1 1 1 2 1 2 4
6561 3 2 3 3 3 4 8
6560 0 0 0 1 0 0 1
6559 0 1 1 1 1 1 3
6558 0 0 1 1 1 0 1
6557 3 3 2 2 2 4 7
6556 3 1 1 3 2 4 7
6555 1 2 1 1 1 2 4
6554 1 1 1 2 1 2 4
6553 3 1 1 3 2 4 7
6552 2 1 1 2 1 3 5
6551 1 2 1 2 1 2 4
6550 1 1 1 2 1 2 4
6549 2 2 2 3 3 4 6
6548 1 1 1 1 1 2 4
6547 1 1 1 2 1 3 4
6546 2 2 2 2 2 3 6
6545 0 2 2 1 1 1 3
6544 0 0 0 0 0 0 1
6543 1 2 1 2 1 3 5
6542 1 2 1 1 1 2 4
6541 0 0 1 2 1 1 3
6540 2 2 2 2 1 3 5
6539 0 0 1 2 1 1 3
6538 1 1 1 2 1 2 4
6537 1 1 1 1 1 1 3
6536 2 2 1 1 1 2 5
6535 1 1 1 2 1 2 4
6534 1 1 1 2 1 2 4
6533 1 0 1 1 1 1 3
6532 3 3 1 3 2 4 7
6531 1 1 2 2 1 2 4
6530 0 0 1 2 2 2 4
6529 2 1 1 3 3 4 7
6528 2 1 2 2 1 2 5
6527 2 2 1 2 1 3 5
6526 4 3 1 2 1 4 7
6525 2 1 1 2 2 3 6
6524 3 3 2 2 2 3 7
6523 1 1 2 2 1 2 4
6522 0 0 0 2 0 2 2
6521 1 2 1 2 2 3 5
6520 1 0 1 1 1 1 2
6519 2 1 2 2 1 3 6
6518 0 2 2 2 1 2 5
6517 3 1 1 2 2 4 6
6516 1 2 1 1 2 2 4
6515 2 3 3 2 3 4 8
6514 3 3 3 3 2 3 8
6513 2 2 2 2 1 3 6
6512 2 1 1 1 1 2 4
6511 2 1 1 2 1 3 5
6510 1 1 1 1 1 2 4
6509 1 1 1 2 2 3 4
6508 3 1 1 3 2 4 7
6507 2 1 1 2 1 3 5
6506 1 1 1 1 1 1 3
6505 3 3 1 2 1 4 7
6504 2 1 1 1 1 2 4
6503 3 1 2 3 2 4 7
6502 0 0 1 1 1 1 2
6501 2 3 2 2 1 2 5
6500 2 2 2 2 2 3 6
6499 1 1 1 2 1 2 4
6498 2 1 1 2 1 2 4
6497 0 0 1 1 1 1 2
6496 2 2 1 2 1 2 5
6495 2 2 1 2 2 3 6
6494 1 1 1 2 1 2 4
6493 1 1 2 2 1 2 4
6492 1 1 1 2 1 2 4
6491 1 1 1 1 1 2 3
6490 4 3 2 3 1 4 8
6489 1 1 1 1 1 2 3
6488 1 1 1 1 1 1 3
6487 3 1 1 3 2 4 7
6486 1 1 1 1 1 1 3
6485 0 1 2 2 1 2 4
6484 1 1 1 1 1 2 3
6483 1 2 1 2 1 2 4
6482 1 1 1 1 1 2 3
6481 0 0 1 2 1 2 3
6480 3 2 2 2 1 3 6
6479 2 2 1 2 1 2 4
6478 3 3 2 3 2 4 8
6477 1 1 1 2 1 2 4
6476 2 3 2 2 1 3 6
6475 2 1 1 1 1 2 4
6474 3 3 3 2 2 4 7
6473 2 2 1 2 1 3 6
6472 0 0 1 2 1 2 3
6471 0 0 1 1 1 1 2
