6770 3 1 1 3 3 3 6
6769 2 0 1 1 1 2 4
6768 2 2 1 2 1 3 5
6767 2 1 1 2 1 2 4
6766 3 2 2 3 2 3 6
6765 1 1 1 2 1 2 4
6764 2 3 2 2 2 3 6
6763 2 2 1 2 1 2 5
6762 1 0 0 1 0 1 3
6761 2 1 1 1 1 3 4
6760 2 2 2 3 1 3 6
6759 3 3 2 2 1 3 6
6758 2 2 2 2 2 3 6
6757 3 1 1 2 2 3 6
6756 2 1 2 2 1 3 5
6755 2 2 1 1 1 2 4
6754 2 1 1 1 1 3 4
6753 1 1 0 1 0 1 3
6752 2 1 1 1 1 2 4
6751 3 3 2 2 1 3 7
6750 3 3 2 2 2 4 8
6749 3 1 1 3 2 4 8
6748 2 2 1 1 1 2 4
6747 0 1 1 3 1 2 4
6746 1 1 1 1 1 2 3
6745 0 1 1 2 1 2 4
6744 1 1 0 1 1 1 3
6743 2 1 2 2 1 3 5
6742 0 1 1 0 0 1 2
6741 2 3 2 2 2 3 6
6740 2 2 1 1 1 2 5
6739 3 1 1 3 2 4 7
6738 2 1 1 1 1 2 4
6737 4 4 3 3 3 4 9
6736 2 2 2 2 1 3 6
6735 2 1 1 2 2 3 6
6734 1 0 0 1 0 1 2
6733 1 1 1 2 1 2 3
6732 2 2 2 1 1 3 6
6731 2 1 1 1 1 2 4
6730 3 3 2 3 2 4 8
6729 0 0 0 0 0 0 0
6728 2 1 1 2 1 3 5
6727 0 1 0 0 0 0 1
6726 2 2 2 2 2 3 6
6725 2 2 1 2 2 3 6
6724 0 2 1 1 1 1 3
6723 1 1 2 2 1 2 4
6722 3 1 1 3 2 3 6
6721 2 2 1 2 1 3 5
6720 4 4 4 3 3 4 9
6719 2 2 2 2 1 3 6
6718 1 1 1 2 1 2 4
6717 4 4 2 1 1 3 7
6716 2 1 1 2 2 3 6
6715 0 0 1 3 1 2 4
6714 2 2 1 1 1 1 4
6713 1 2 1 3 1 2 4
6712 1 1 1 2 1 2 4
6711 1 2 1 1 1 2 3
6710 3 2 2 3 3 4 7
6709 2 1 1 2 2 3 5
6708 3 2 1 3 2 3 6
6707 1 1 1 2 1 2 4
6706 3 1 1 1 1 2 5
6705 3 2 1 3 2 3 6
6704 1 2 1 2 2 3 5
6703 0 1 1 0 0 1 2
6702 3 2 1 3 2 3 6
6701 2 2 1 2 1 3 6
6700 3 3 2 3 3 4 8
6699 2 2 2 2 1 3 6
6698 2 2 1 2 1 3 5
6697 3 3 2 2 2 3 6
6696 1 1 1 2 2 2 4
6695 3 3 1 2 2 2 6
6694 2 1 2 2 1 3 6
6693 1 1 1 1 1 2 3
6692 0 1 1 3 1 3 4
6691 0 0 1 3 1 2 3
6690 1 1 1 1 1 2 3
6689 3 2 2 3 2 4 7
6688 0 1 1 0 0 1 2
6687 3 1 1 1 0 2 4
6686 1 1 2 2 1 3 4
6685 1 1 2 2 1 3 4
6684 2 1 1 1 1 2 4
6683 2 3 2 2 2 3 7
6682 0 0 0 0 0 0 1
6681 1 1 1 2 1 2 3
6680 2 2 2 2 2 3 5
6679 3 2 2 3 2 3 6
6678 4 4 2 3 3 4 9
6677 1 0 1 2 1 2 3
6676 1 2 1 1 1 1 3
6675 2 1 1 2 2 3 5
6674 0 2 1 0 0 1 2
6673 2 1 1 1 1 2 4
6672 2 0 1 1 1 2 4
6671 1 1 1 1 0 1 3
6670 1 1 1 1 1 1 3
6669 1 2 2 2 2 3 5
6668 2 1 1 1 1 2 4
6667 1 1 1 2 1 2 3
6666 4 4 2 3 2 3 8
6665 1 1 1 1 1 1 3
6664 3 3 2 2 2 4 7
6663 3 3 2 3 3 4 8
6662 2 1 1 1 1 2 4
6661 3 2 1 2 2 3 6
6660 2 2 1 3 2 3 5
6659 3 2 1 2 1 3 5
6658 3 1 1 3 2 3 6
6657 1 2 1 2 2 2 4
6656 1 2 2 1 1 2 5
6655 2 1 1 1 1 2 4
6654 0 1 0 0 0 1 2
6653 2 2 2 2 1 3 5
6652 1 1 1 2 1 3 4
6651 2 1 1 1 1 2 4
6650 2 2 1 2 1 3 5
6649 2 1 1 2 2 3 6
6648 2 2 1 2 2 3 5
6647 1 2 1 1 1 2 4
6646 3 2 1 3 2 3 6
6645 2 2 1 2 1 3 5
6644 3 2 1 2 1 3 5
6643 1 1 2 1 1 2 4
6642 2 2 1 1 1 2 4
6641 1 1 1 2 2 3 4
6640 1 0 0 1 0 1 2
6639 3 2 2 3 2 4 7
6638 2 2 2 2 1 3 5
6637 3 2 2 2 2 3 6
6636 2 1 1 3 2 3 5
6635 0 1 1 2 1 2 3
6634 2 2 1 2 1 3 5
6633 2 2 1 2 2 3 5
6632 1 2 1 2 1 2 4
6631 1 0 0 1 0 1 2
6630 2 2 1 2 2 3 5
6629 2 1 1 1 1 2 4
6628 0 1 0 0 0 0 1
6627 1 1 1 1 1 1 2
6626 0 1 0 0 0 1 2
6625 0 1 1 1 0 1 2
6624 0 1 1 2 1 1 3
6623 1 1 1 1 1 2 3
6622 2 2 2 2 1 3 5
6621 3 2 1 1 1 2 5
