6920 1 1 1 2 1 2 4
6919 3 4 3 3 2 4 9
6918 2 1 2 2 1 2 4
6917 2 1 1 2 1 2 4
6916 1 1 1 1 1 2 4
6915 2 1 1 1 1 2 4
6914 4 4 2 3 2 4 9
6913 4 3 3 3 2 4 8
6912 3 1 1 4 2 4 7
6911 3 3 1 2 2 3 7
6910 2 2 3 3 2 3 6
6909 1 1 0 1 1 1 2
6908 1 1 1 1 1 2 3
6907 0 1 1 0 0 0 1
6906 2 1 2 2 1 3 5
6905 1 1 2 2 1 2 4
6904 1 1 2 1 1 2 4
6903 3 2 2 3 3 3 7
6902 2 0 1 1 1 2 4
6901 3 1 1 3 2 3 6
6900 0 0 1 3 1 2 4
6899 2 2 1 2 1 3 5
6898 2 2 1 2 1 2 5
6897 2 1 1 2 2 3 5
6896 0 0 0 2 0 1 2
6895 2 2 2 2 1 3 5
6894 0 1 1 2 1 2 4
6893 3 2 2 3 2 3 6
6892 1 2 1 1 1 2 4
6891 2 1 1 2 1 3 5
6890 2 1 1 1 1 2 4
6889 1 1 1 2 1 2 4
6888 4 4 2 3 3 4 9
6887 2 2 1 1 1 2 4
6886 2 1 1 2 2 3 5
6885 3 2 2 3 3 4 7
6884 2 2 1 2 1 3 5
6883 2 2 1 2 2 3 6
6882 3 3 2 2 2 4 8
6881 0 0 0 2 0 1 1
6880 2 2 2 3 2 3 6
6879 2 1 2 2 1 2 5
6878 3 2 1 2 1 3 5
6877 1 1 2 2 1 2 4
6876 1 1 1 1 1 2 3
6875 1 2 2 1 1 2 4
6874 1 1 1 2 2 2 4
6873 3 1 2 2 2 3 6
6872 3 1 1 3 2 3 6
6871 1 2 1 1 1 1 4
6870 2 2 1 1 1 3 5
6869 3 3 1 2 2 2 6
6868 1 2 2 2 1 3 5
6867 1 1 1 2 1 2 4
6866 3 2 1 2 2 3 6
6865 1 1 1 1 1 1 3
6864 1 1 1 1 0 1 3
6863 1 1 1 1 1 1 3
6862 3 2 1 2 1 3 5
6861 2 2 2 1 1 2 5
6860 1 1 1 1 1 2 3
6859 2 1 1 1 1 2 4
6858 1 0 1 2 1 2 3
6857 1 2 1 2 1 2 4
6856 2 1 1 2 1 3 5
6855 3 1 1 3 2 4 7
6854 1 2 1 1 1 1 3
6853 2 1 1 2 1 3 4
6852 1 1 1 2 1 2 3
6851 1 1 2 2 1 2 4
6850 3 1 1 4 3 3 7
6849 2 2 1 2 2 3 5
6848 2 2 1 1 1 2 4
6847 2 1 1 2 1 2 4
6846 2 2 1 2 1 2 5
6845 2 2 1 2 1 3 5
6844 2 3 1 2 2 3 6
6843 0 2 2 1 1 2 4
6842 1 2 2 1 1 2 4
6841 4 4 3 3 2 3 9
6840 1 1 1 2 2 3 4
6839 2 1 1 1 1 2 4
6838 3 3 1 2 1 3 6
6837 0 1 0 0 0 0 1
6836 1 1 1 2 1 2 3
6835 2 1 1 1 1 2 4
6834 2 1 1 1 1 2 4
6833 1 1 1 2 1 2 3
6832 0 0 0 0 0 0 0
6831 1 1 1 1 1 1 3
6830 0 0 1 3 1 2 3
6829 2 1 1 2 2 3 5
6828 2 2 1 2 1 3 5
6827 2 2 1 2 1 2 4
6826 3 3 2 3 2 4 8
6825 3 1 1 3 2 4 7
6824 1 2 1 2 1 2 4
6823 2 2 1 1 1 2 5
6822 3 2 1 2 1 3 5
6821 1 2 2 2 1 2 4
6820 3 3 3 2 2 3 7
6819 3 2 1 2 1 3 5
6818 2 1 1 2 1 2 4
6817 2 2 1 2 1 2 5
6816 3 2 2 2 2 3 6
6815 2 2 1 2 1 2 5
6814 2 2 1 2 1 2 5
6813 2 2 1 1 1 2 4
6812 2 3 1 1 1 2 5
6811 1 1 1 2 1 2 3
6810 2 2 2 2 3 3 6
6809 2 1 1 2 2 3 5
6808 1 1 1 2 2 3 4
6807 2 3 2 2 1 3 6
6806 0 0 1 3 1 2 3
6805 2 2 2 1 1 2 5
6804 2 3 2 2 1 3 6
6803 2 2 2 1 1 2 5
6802 2 2 2 2 1 2 5
6801 3 2 1 2 1 3 5
6800 2 1 1 2 1 2 4
6799 3 3 3 3 2 4 7
6798 2 2 1 2 1 2 5
6797 2 1 1 1 1 2 4
6796 2 1 1 1 1 2 4
6795 2 1 1 2 1 2 4
6794 0 1 1 2 1 2 3
6793 2 1 1 2 1 2 4
6792 3 3 2 2 1 3 6
6791 0 0 1 3 1 2 3
6790 1 1 1 1 1 1 3
6789 0 2 1 3 1 2 5
6788 2 2 2 2 1 3 5
6787 2 1 2 2 2 3 5
6786 3 1 2 3 2 4 7
6785 0 0 1 3 2 2 4
6784 0 1 1 0 0 0 1
6783 2 2 1 2 1 2 5
6782 4 4 2 3 3 4 8
6781 3 3 2 2 2 4 7
6780 2 1 1 2 1 2 4
6779 2 2 1 2 1 2 5
6778 2 2 2 2 1 3 5
6777 0 1 1 1 1 1 2
6776 1 2 2 1 1 2 4
6775 2 2 1 2 1 2 5
6774 1 1 1 2 2 3 4
6773 2 3 2 2 1 3 6
6772 1 1 1 1 1 2 3
6771 0 1 1 0 0 1 2
