7031 2 2 1 2 1 3 5
7030 2 1 2 2 2 3 5
7029 3 3 2 2 2 3 7
7028 3 1 1 3 3 3 7
7027 2 1 1 2 2 3 5
7026 2 2 1 2 1 2 5
7025 3 2 2 2 2 3 6
7024 3 2 1 3 2 3 6
7023 1 1 1 1 1 2 3
7022 0 0 1 3 1 2 3
7021 0 1 1 3 1 2 4
7020 2 1 1 2 2 2 4
7019 3 2 1 2 1 3 5
7018 2 2 2 3 1 3 5
7017 1 1 1 1 1 2 3
7016 2 1 2 2 1 3 5
7015 3 3 2 2 3 3 8
7014 1 1 1 1 1 1 3
7013 4 4 3 3 2 4 9
7012 2 1 2 2 1 3 5
7011 1 0 1 1 1 2 3
7010 2 2 2 2 1 3 5
7009 2 2 1 2 1 3 5
7008 2 2 1 2 2 3 6
7007 1 2 1 2 1 2 5
7006 1 1 2 1 1 2 3
7005 1 1 2 2 1 2 4
7004 3 2 2 2 1 3 5
7003 2 1 1 2 1 2 4
7002 2 2 1 2 1 2 4
7001 2 1 1 1 1 2 4
7000 2 3 2 2 2 3 6
6999 3 1 1 2 2 3 6
6998 2 2 1 1 1 2 4
6997 1 2 1 1 1 2 4
6996 1 1 2 2 1 2 4
6995 2 2 1 2 1 3 5
6994 1 1 1 2 1 2 3
6993 1 2 1 1 1 1 4
6992 1 1 2 2 1 2 4
6991 0 0 1 3 1 2 3
6990 2 3 1 2 1 2 6
6989 2 2 1 2 1 2 5
6988 1 1 1 2 1 2 3
6987 2 2 1 2 1 3 5
6986 3 2 2 3 2 4 7
6985 0 0 1 3 1 2 3
6984 1 1 1 1 1 2 3
6983 1 1 1 2 1 2 4
6982 1 1 1 2 1 2 4
6981 0 1 1 3 1 2 3
6980 3 3 2 2 2 3 7
6979 0 2 0 1 0 1 3
6978 1 2 1 2 1 2 4
6977 2 2 1 2 2 3 5
6976 2 3 2 2 2 3 7
6975 1 1 2 2 1 2 4
6974 0 0 1 3 1 2 3
6973 0 1 0 0 0 0 1
6972 1 1 2 2 1 2 4
6971 0 1 1 0 1 1 2
6970 2 2 1 2 1 3 5
6969 3 1 1 3 2 4 7
6968 3 2 1 3 3 4 7
6967 2 1 1 2 2 2 4
6966 3 2 3 2 3 4 8
6965 2 2 2 1 1 2 4
6964 3 3 2 2 2 4 8
6963 1 2 1 2 1 2 4
6962 3 3 2 2 1 3 6
6961 2 2 2 2 1 2 5
6960 1 2 1 2 1 2 4
6959 1 1 1 1 1 1 3
6958 3 2 2 3 2 4 7
6957 2 1 1 2 3 3 5
6956 0 0 1 2 1 1 2
6955 3 2 1 2 1 3 6
6954 1 1 1 1 1 1 3
6953 1 1 1 2 1 2 3
6952 2 1 1 2 2 3 5
6951 2 1 1 2 2 3 5
6950 1 1 2 2 1 3 5
6949 1 1 1 1 1 1 2
6948 1 1 1 1 1 2 3
6947 1 1 1 1 1 1 3
6946 2 3 2 2 2 3 6
6945 1 2 2 2 1 2 4
6944 1 2 1 2 3 3 5
6943 0 1 1 2 1 2 3
6942 3 2 3 2 1 3 6
6941 3 3 2 3 2 4 8
6940 2 2 1 2 1 2 5
6939 2 3 2 2 2 3 7
6938 0 2 0 0 0 1 2
6937 2 1 1 2 2 3 5
6936 3 3 1 2 2 3 6
6935 1 1 1 1 1 1 3
6934 1 1 1 2 1 2 4
6933 0 1 1 3 1 2 4
6932 0 0 0 2 0 1 2
6931 2 3 2 2 2 3 7
6930 2 2 2 2 1 3 5
6929 3 2 2 2 1 3 5
6928 1 2 1 2 1 2 4
6927 2 2 1 1 1 2 4
6926 3 2 1 2 2 3 6
6925 3 3 3 3 2 3 8
6924 1 2 1 1 1 1 3
6923 2 3 2 2 2 3 6
6922 3 2 3 2 1 3 6
