141 3 2 1 2 2 3 6
129 3 1 1 2 2 4 6
132 2 2 2 2 2 3 5
7 2 2 2 2 2 3 6
88 2 1 2 1 2 2 4
85 1 1 1 1 1 2 3
111 2 1 1 2 2 3 6
34 3 3 2 3 2 4 8
50 0 1 0 1 1 1 2
121 1 1 1 1 1 1 3
117 1 1 1 1 1 1 3
100 3 2 2 3 2 4 7
28 1 1 1 1 2 2 4
149 2 2 1 2 1 2 5
116 2 2 1 2 2 3 6
68 1 1 1 1 1 2 4
84 3 2 2 3 2 4 7
87 1 1 1 2 1 2 4
137 1 1 2 2 2 3 5
33 3 2 1 2 2 2 6
144 1 1 1 1 1 2 4
17 2 2 1 1 1 2 4
26 3 2 2 1 1 3 6
109 1 2 1 2 2 3 5
98 3 2 2 2 2 2 6
70 3 3 1 2 2 4 7
31 2 1 1 1 1 1 4
131 2 2 2 2 1 2 5
140 1 1 1 1 1 2 4
65 3 1 1 3 2 4 7
25 0 1 2 3 2 3 5
11 3 2 2 2 2 4 7
133 1 1 1 1 1 2 3
93 2 2 2 2 2 3 6
61 4 3 3 3 2 4 8
127 3 2 1 2 2 4 7
45 1 2 1 1 1 2 4
90 0 1 1 2 1 2 3
8 0 1 1 0 0 1 2
107 3 2 2 3 2 3 6
2 2 2 1 2 1 3 5
126 0 2 2 1 1 2 5
54 1 2 1 1 1 3 5
74 2 1 1 1 1 3 5
35 1 2 2 2 2 3 6
106 2 1 1 2 2 3 5
86 2 2 2 1 1 2 4
24 2 2 2 3 2 4 6
40 2 3 2 2 2 3 7
48 2 1 1 2 1 2 5
27 3 3 2 2 1 2 6
60 2 1 1 1 1 3 4
51 2 1 1 1 1 2 4
42 1 1 1 1 1 2 4
99 3 1 1 3 2 4 6
4 2 2 1 2 2 3 6
9 2 2 2 2 2 4 6
101 3 1 1 3 2 4 7
29 2 2 2 3 2 4 6
114 0 1 1 1 0 1 2
78 2 2 1 1 1 2 4
21 0 2 0 0 0 0 1
3 1 1 1 1 1 2 4
22 2 1 1 1 1 3 5
91 0 0 0 0 0 1 2
73 1 1 1 1 1 2 4
118 2 2 1 2 1 3 5
14 1 1 1 2 1 2 4
82 1 1 1 1 1 2 3
64 3 1 1 1 1 2 4
10 2 2 1 1 1 1 4
18 2 2 2 2 1 3 5
39 3 2 2 3 2 4 7
125 1 1 1 1 1 2 4
81 2 1 2 2 2 3 6
139 1 1 1 1 1 2 4
16 1 3 2 1 1 3 6
75 3 2 3 3 2 4 7
122 1 1 2 2 1 3 5
72 1 1 1 2 1 3 5
44 0 0 0 1 0 1 2
23 1 2 1 2 1 3 5
130 1 1 1 1 1 1 3
38 1 1 1 2 2 3 5
128 0 0 0 1 0 1 2
46 2 1 1 2 1 3 5
32 2 1 1 2 2 3 4
92 1 1 1 1 1 2 4
55 1 2 1 1 1 2 4
77 2 3 2 2 2 4 7
71 2 1 2 2 2 3 5
47 2 3 2 2 2 4 7
112 0 0 1 2 1 2 3
119 2 1 1 2 1 3 5
67 2 2 1 2 1 2 5
56 3 2 2 2 2 3 6
136 3 1 1 3 2 4 7
83 1 1 1 0 0 1 3
58 0 1 1 1 0 1 2
89 2 2 1 2 1 3 6
150 2 2 1 2 2 4 6
30 1 1 1 1 1 2 4
66 2 2 2 2 2 3 6
110 1 1 2 2 1 2 4
6 1 1 1 2 1 2 4
15 3 2 3 2 1 3 5
49 1 1 1 2 2 3 5
20 1 1 1 2 2 3 5
59 2 1 1 2 2 3 6
76 1 2 1 1 1 2 4
105 1 2 1 1 1 2 4
96 2 2 2 2 2 3 5
53 2 2 1 1 0 2 4
57 3 1 1 3 2 4 7
103 1 1 1 1 1 2 4
94 2 2 2 2 1 3 6
151 0 2 2 1 1 1 4
115 1 1 1 2 1 3 4
120 2 1 1 1 1 2 4
95 3 3 2 2 2 4 7
79 4 4 3 3 3 4 9
152 2 2 1 2 3 4 6
37 1 1 1 0 0 1 2
113 2 3 2 2 2 4 7
108 1 1 1 2 1 3 4
134 2 1 2 2 1 3 5
135 1 1 1 1 1 2 4
80 2 2 1 2 1 3 5
13 2 2 2 1 1 3 5
43 1 2 1 1 1 3 5
147 2 2 1 2 2 3 6
146 2 1 1 2 1 3 5
102 0 1 0 1 0 1 2
138 1 1 1 1 1 2 4
143 1 2 2 2 2 3 5
41 1 1 2 2 2 3 5
104 1 2 2 1 1 2 4
148 1 2 1 2 1 2 4
145 2 2 1 1 1 2 4
52 2 1 1 2 2 3 5
62 1 2 1 2 1 2 4
69 3 1 2 2 2 4 6
123 3 1 1 3 2 4 7
5 1 2 2 1 1 1 3
19 1 2 2 2 1 3 5
124 2 1 1 2 1 3 5
97 1 1 1 2 2 3 5
36 1 1 1 2 1 2 4
142 3 1 1 3 2 4 7
63 0 1 2 3 1 3 5
