273 1 1 1 1 1 2 3
234 0 0 1 2 1 2 3
232 0 1 1 0 1 1 2
166 2 1 1 2 1 3 4
154 2 1 2 2 1 3 5
220 3 1 1 2 2 4 6
298 2 2 1 2 2 3 6
268 0 3 2 1 1 2 4
190 2 2 2 2 2 3 6
218 2 1 2 2 2 3 5
214 3 1 1 3 2 4 7
204 2 2 2 2 2 3 6
159 3 1 1 2 2 4 6
176 4 3 3 3 3 4 9
300 2 1 1 1 1 3 4
291 1 1 1 1 1 2 4
281 0 0 0 1 0 1 2
279 1 1 1 1 1 2 3
226 1 2 2 2 2 3 5
178 2 2 2 2 2 3 6
294 1 1 1 1 1 2 3
244 1 1 1 2 1 2 3
184 2 2 2 2 2 3 6
296 1 1 1 1 1 2 3
283 2 3 2 2 2 4 7
207 3 3 2 2 3 4 8
203 0 0 1 2 1 2 3
185 1 2 2 2 1 3 5
171 1 1 1 1 1 2 3
229 1 1 1 1 1 2 3
233 3 2 2 1 1 2 6
169 1 1 1 1 2 3 4
261 0 1 1 1 1 1 3
212 0 1 1 2 1 2 3
253 3 3 3 2 1 3 6
219 1 1 1 1 1 2 3
155 1 1 2 2 2 3 5
187 3 1 1 3 2 3 6
259 3 2 2 3 2 4 6
222 3 3 3 2 2 4 8
180 2 2 1 2 1 3 5
277 1 1 1 2 1 2 4
274 0 1 1 1 1 2 3
282 3 3 2 2 1 3 7
198 3 2 1 2 2 4 7
206 1 2 2 1 1 2 4
241 0 1 2 1 1 2 3
195 0 0 0 1 0 1 1
228 2 2 1 2 1 3 5
248 1 1 1 2 1 2 4
182 1 3 2 1 1 3 6
247 1 1 1 1 1 2 4
160 2 1 1 2 2 3 4
285 3 2 2 3 3 4 8
302 1 1 1 1 1 2 3
192 1 2 1 2 2 3 5
266 1 2 2 2 1 2 5
257 2 2 1 2 2 3 5
196 1 1 1 1 1 2 4
168 0 2 2 2 1 3 5
249 2 2 2 2 1 2 4
179 1 1 2 1 1 2 3
215 1 1 2 2 1 3 5
246 3 4 3 3 2 4 8
197 1 1 2 2 1 3 5
256 2 1 2 2 1 3 5
174 1 2 2 1 1 2 4
264 2 2 2 2 2 3 6
165 0 0 0 1 0 1 2
167 1 2 2 0 0 1 2
242 2 1 1 0 0 2 4
200 1 1 1 1 1 2 4
225 3 1 1 3 2 4 6
202 3 1 1 2 3 4 7
288 3 2 2 2 2 4 7
163 0 0 0 1 0 1 2
254 3 3 3 2 3 4 8
162 2 1 1 1 1 2 4
230 1 1 1 1 1 2 3
255 1 2 2 2 3 3 6
287 2 1 1 2 1 3 5
235 0 2 2 1 1 2 4
157 1 1 1 1 1 2 3
252 1 1 1 1 1 2 4
297 1 1 2 2 2 3 5
181 1 2 2 1 1 2 4
173 3 2 2 3 2 4 7
217 1 1 1 2 1 2 3
293 3 2 2 2 2 4 6
280 2 1 2 2 1 3 5
289 2 1 1 2 2 3 5
292 1 1 1 2 1 2 4
213 2 1 1 1 1 3 5
208 0 0 1 2 1 2 3
210 1 1 1 1 1 2 3
223 1 1 1 1 1 1 3
238 1 2 2 1 1 2 4
193 0 1 1 1 1 1 2
290 1 1 2 3 2 3 5
267 1 1 1 1 2 2 3
270 3 3 2 3 2 4 7
221 1 2 1 2 1 3 5
272 1 2 2 1 1 2 4
177 1 2 1 1 1 2 4
269 1 1 1 2 1 2 3
265 3 3 2 3 2 4 8
153 0 2 1 1 1 2 3
227 2 2 1 1 1 2 4
158 1 2 1 2 1 3 4
201 2 2 2 2 2 2 5
231 1 2 2 1 1 2 4
209 1 2 2 1 1 2 4
183 1 2 2 2 1 2 5
263 2 1 1 2 1 3 4
251 1 2 1 1 1 1 3
275 2 2 1 2 1 3 6
170 1 1 1 2 2 2 4
199 1 1 1 2 1 2 4
237 1 1 2 2 1 3 5
191 1 2 1 1 1 2 4
240 3 2 1 2 2 4 6
175 1 1 2 2 1 3 4
211 1 1 2 2 1 3 5
186 3 2 2 3 2 4 6
239 2 1 1 2 2 3 6
258 2 2 1 2 3 3 5
189 1 1 2 2 1 2 4
284 2 2 1 2 1 3 5
250 1 1 1 1 1 2 4
243 2 2 1 2 2 3 6
188 2 1 1 1 1 3 4
260 3 1 1 3 3 4 7
164 4 4 3 2 1 3 8
245 1 2 2 2 2 3 6
216 2 2 2 2 2 4 6
172 2 2 3 1 1 3 5
236 3 3 2 2 2 4 7
295 1 1 1 1 1 1 3
286 1 1 1 1 1 2 4
301 2 2 1 2 2 3 6
194 1 1 1 1 1 2 3
224 2 2 1 2 2 3 5
278 0 2 3 2 1 3 6
271 1 1 1 2 1 2 4
205 0 1 1 2 1 2 3
156 2 2 1 1 1 2 5
276 1 1 1 2 2 3 5
262 1 2 1 1 1 2 5
161 2 2 1 2 2 3 5
299 1 1 2 2 1 2 4
