426 0 0 1 2 1 2 3
399 0 1 1 1 1 1 2
443 1 2 2 2 1 3 5
396 0 2 3 1 1 2 4
369 4 3 2 3 2 4 8
429 1 1 2 2 1 2 4
405 1 2 2 2 2 3 5
352 2 2 1 2 1 3 5
445 0 1 2 2 1 2 4
409 3 3 2 3 2 4 7
357 0 0 1 2 1 2 3
383 2 2 2 2 1 3 5
393 1 1 1 1 1 1 3
326 2 2 1 1 1 2 4
415 1 1 1 2 2 3 4
323 2 3 2 2 2 4 7
428 1 2 1 1 1 2 4
384 1 1 1 1 1 2 3
344 2 2 1 1 1 2 4
414 0 1 1 1 1 1 2
441 1 2 3 1 1 1 3
382 2 1 1 2 3 3 5
308 3 3 1 2 1 3 6
359 1 1 1 1 1 2 4
362 2 2 1 1 1 2 4
421 3 3 3 2 2 3 7
439 0 0 1 2 1 2 3
368 3 3 1 1 1 3 6
360 2 2 1 2 1 3 5
329 1 2 1 1 1 2 4
365 0 2 2 1 1 1 3
316 3 2 1 2 2 4 7
387 2 1 1 2 1 3 5
312 2 1 2 2 3 3 5
433 0 2 2 1 1 2 4
412 3 1 1 2 2 4 6
314 1 4 3 2 1 3 7
419 0 1 1 1 1 1 2
340 1 1 1 1 1 2 3
431 1 1 1 2 1 2 3
328 0 0 1 2 1 2 3
417 3 2 2 3 2 4 6
336 2 1 1 2 3 3 5
339 0 1 1 1 1 1 3
375 0 3 3 2 1 3 6
418 3 1 1 2 2 4 6
390 1 1 1 1 1 2 3
401 1 1 1 1 1 2 3
361 1 1 1 1 1 2 4
307 4 3 3 3 3 4 9
450 3 2 2 2 2 4 6
322 1 1 1 1 1 2 4
389 1 2 2 2 1 3 5
388 0 1 1 0 1 1 2
306 2 2 1 2 1 3 5
379 3 3 2 3 2 4 7
394 2 2 2 2 2 3 5
320 2 3 2 2 1 3 7
447 3 1 2 3 2 4 6
332 2 3 2 2 2 4 7
452 2 2 1 1 1 2 5
325 0 0 0 0 0 1 1
351 2 3 2 2 2 4 6
403 0 1 1 0 0 1 2
304 0 0 1 1 1 1 2
427 2 1 1 2 3 3 5
386 2 2 2 2 3 3 6
315 1 2 1 2 1 2 4
430 1 1 2 2 1 2 4
324 1 1 1 1 1 2 4
343 2 1 1 2 1 3 5
448 1 2 1 1 1 2 4
423 2 1 1 2 2 3 5
335 1 1 1 1 1 1 3
319 1 1 2 2 2 3 5
373 2 2 1 2 1 3 5
371 2 2 2 1 1 2 5
392 2 2 2 2 1 3 5
451 2 1 1 2 2 3 5
327 1 1 1 2 2 3 5
434 2 2 1 2 1 3 5
424 1 1 1 1 1 2 4
337 2 3 3 2 2 3 7
310 3 2 1 1 1 3 6
349 2 2 1 2 1 3 5
370 1 1 1 1 1 2 3
334 0 0 1 2 1 2 3
330 3 1 2 2 2 4 6
446 2 2 1 2 1 3 5
317 2 2 2 2 2 4 6
333 2 1 1 1 1 2 5
354 2 2 2 2 2 3 6
303 2 1 1 1 1 2 4
449 0 1 1 1 0 1 2
453 2 2 2 2 2 3 6
364 1 1 1 1 1 2 4
404 2 2 1 2 1 3 5
348 2 1 1 2 1 3 5
398 2 2 1 1 1 1 3
400 1 1 2 2 1 3 5
444 1 1 1 1 1 2 4
377 3 2 2 2 2 4 6
350 3 2 1 2 2 4 7
358 2 1 1 1 1 3 4
305 1 2 2 1 1 2 4
346 1 1 1 1 1 1 3
420 0 2 2 1 1 2 4
408 1 1 1 1 1 2 4
422 2 1 1 2 1 3 5
407 0 2 2 1 1 1 3
391 2 3 3 2 2 4 7
321 1 1 2 2 1 3 5
380 1 1 1 1 1 2 3
425 1 3 1 0 1 2 4
363 0 2 2 1 1 1 3
413 3 2 2 2 2 4 7
440 1 1 2 2 1 2 4
313 2 1 1 1 1 3 4
355 2 1 1 3 3 4 6
342 1 2 1 1 1 2 4
311 2 2 2 1 1 2 5
438 2 2 1 2 1 3 5
395 0 1 1 1 1 1 3
416 2 1 1 2 2 3 5
435 0 0 1 1 1 2 3
372 2 2 1 1 1 3 5
345 3 1 1 2 2 4 6
356 2 2 1 2 1 3 5
341 2 1 1 1 1 3 4
353 1 1 1 1 1 1 3
436 3 1 1 2 2 3 5
318 3 3 2 2 1 3 6
338 2 1 1 2 1 3 4
406 2 2 2 2 1 3 5
385 2 2 1 2 1 3 6
432 1 2 1 2 1 3 5
367 3 1 2 3 2 4 6
411 3 1 1 3 2 4 7
402 2 1 2 2 1 3 5
366 1 1 1 1 1 1 3
309 0 1 1 2 1 2 4
331 0 0 1 1 1 1 2
374 1 1 1 1 1 1 3
442 2 1 1 1 1 2 4
347 3 1 1 3 2 4 7
378 3 3 2 2 1 3 6
397 1 1 1 1 1 2 3
381 2 3 2 2 1 3 6
410 0 1 2 2 1 2 4
437 3 2 2 2 1 3 6
