455 2 1 1 2 1 3 5
553 2 1 1 2 1 1 3
491 1 4 3 0 0 1 3
528 1 1 1 1 1 2 3
508 2 1 1 2 2 3 5
533 2 2 1 2 1 3 5
510 3 2 1 2 2 4 6
580 1 1 1 1 1 2 3
596 3 3 1 2 2 4 6
484 3 3 3 2 3 4 8
589 3 2 2 3 2 4 7
511 3 2 1 2 1 3 5
460 0 1 2 2 1 3 5
590 1 2 1 1 1 2 4
535 2 2 1 2 2 3 5
595 0 3 1 0 1 2 4
603 2 1 1 2 1 3 5
563 1 1 2 2 2 3 5
467 4 3 2 3 3 4 8
476 1 1 1 1 1 2 3
560 0 1 1 1 0 1 2
521 1 2 1 2 1 2 4
454 2 2 2 1 2 2 5
600 2 2 1 2 1 3 5
548 2 2 2 2 2 3 6
557 3 3 2 2 2 3 7
507 1 1 1 2 2 2 4
540 2 2 1 2 2 3 5
570 2 1 1 2 1 3 4
578 2 2 1 2 2 3 5
543 0 0 1 3 1 2 4
547 2 1 1 2 1 2 4
545 2 2 2 2 2 3 5
468 1 1 1 1 1 2 3
542 2 2 1 2 2 3 5
546 0 2 1 3 2 2 4
529 2 2 1 2 1 3 5
513 1 1 1 1 1 2 4
532 1 1 1 1 1 2 3
555 3 3 2 2 2 4 7
478 2 2 1 2 2 3 5
524 1 2 1 1 1 2 4
502 1 1 1 2 1 2 4
499 2 1 1 1 1 3 5
512 2 2 2 2 2 3 5
459 2 2 1 2 2 3 5
520 3 3 1 2 1 3 6
554 2 2 2 2 2 3 6
474 1 2 1 1 1 2 4
498 1 1 1 1 1 1 3
534 0 1 1 1 1 2 4
594 2 1 1 2 1 3 4
456 2 2 1 2 2 3 5
597 1 2 1 1 1 2 4
469 0 1 1 2 1 2 3
601 3 2 1 1 1 3 6
583 0 0 1 3 1 1 2
569 2 2 2 2 2 3 6
506 1 1 1 2 2 3 4
559 0 0 1 3 1 2 3
501 3 2 1 1 2 4 6
550 2 2 1 2 2 3 5
599 3 2 2 2 2 3 6
486 3 2 1 3 3 4 6
544 1 1 1 1 1 2 3
592 1 1 1 1 1 1 3
572 1 1 1 2 1 2 4
565 2 2 1 2 1 3 5
505 3 2 2 2 2 4 7
564 2 1 2 2 3 3 5
480 1 1 1 2 1 2 4
504 3 2 1 3 3 4 7
591 2 2 2 3 2 3 6
575 1 1 1 1 1 1 3
571 1 1 1 0 1 1 2
536 3 3 3 2 1 3 7
471 3 2 1 3 3 4 7
464 2 1 1 2 1 3 4
562 3 3 2 2 1 3 6
522 0 1 1 0 0 1 2
482 1 2 1 1 1 2 4
582 2 1 1 1 1 2 3
487 1 1 1 2 2 3 5
518 1 2 1 2 2 3 5
514 2 1 1 2 1 3 5
470 2 1 1 2 2 3 5
585 1 1 1 1 1 2 4
561 0 0 1 3 1 2 4
551 1 2 1 2 1 2 4
515 1 3 2 2 2 3 6
587 0 1 1 3 1 1 2
472 3 3 1 2 1 3 6
574 1 1 2 2 2 3 4
558 2 2 1 1 1 3 5
517 1 2 1 1 1 2 4
527 0 0 0 1 1 1 1
465 2 2 3 3 2 4 6
479 0 0 1 3 1 1 3
489 2 2 2 2 1 3 5
593 3 2 1 2 2 4 6
525 0 1 1 0 0 1 1
488 2 2 1 2 1 3 5
490 1 1 1 2 2 2 4
516 2 2 1 2 2 3 5
473 3 3 2 3 2 4 8
556 3 2 1 2 2 4 6
530 1 1 2 1 2 2 4
539 2 2 2 1 2 3 5
485 2 2 1 3 2 3 5
466 1 1 1 2 1 2 4
577 3 2 2 3 3 4 7
462 0 1 1 0 0 1 2
549 1 1 1 1 1 2 3
588 2 2 2 2 1 3 5
584 1 1 1 1 1 2 3
481 1 2 2 2 2 3 5
458 3 3 3 2 2 4 8
568 3 2 1 3 3 4 7
538 3 2 1 3 2 4 7
602 1 2 1 2 1 2 4
537 3 2 1 3 3 4 7
523 0 1 1 1 1 2 3
463 2 2 1 2 2 3 5
493 1 1 1 1 1 2 3
576 4 3 1 3 2 4 8
495 2 2 2 2 1 3 5
541 1 2 1 0 1 1 3
494 2 2 2 2 1 3 5
519 1 1 1 1 1 1 3
475 1 1 1 1 1 2 3
581 3 3 1 2 1 3 6
531 0 1 1 1 1 1 2
567 2 3 2 1 2 3 6
579 1 1 1 1 1 1 3
598 2 2 1 2 2 3 5
586 1 2 1 1 1 2 4
461 2 2 1 2 2 3 5
483 0 1 1 3 1 2 4
573 2 2 2 2 2 3 6
566 3 2 1 3 2 4 7
457 3 2 1 3 3 4 7
526 2 2 1 2 2 3 5
492 1 3 2 1 1 3 6
477 1 1 1 1 1 2 3
497 2 2 1 2 2 3 6
503 0 1 1 0 1 1 2
496 2 1 2 2 2 3 4
509 3 2 1 2 2 4 6
500 2 1 1 1 2 2 4
552 3 2 2 3 2 3 6
