717 0 0 1 3 1 2 4
684 2 2 2 2 2 3 6
676 2 1 2 2 3 3 5
690 3 3 3 2 3 4 8
642 4 4 2 3 2 4 9
620 3 3 3 2 2 4 8
617 2 2 1 3 2 3 6
618 0 1 2 2 1 3 5
606 4 3 3 3 2 4 8
689 0 2 3 0 0 1 2
739 2 2 2 2 2 3 5
685 3 3 1 3 3 4 7
648 3 2 1 2 1 3 5
703 2 1 1 2 2 3 5
738 3 2 1 3 3 4 7
693 3 2 2 2 3 3 7
716 3 2 1 3 2 4 6
681 3 2 1 3 2 4 6
679 2 1 1 3 2 3 5
745 3 2 1 2 2 3 6
604 0 1 0 1 1 1 2
672 2 1 1 3 3 4 6
667 2 2 2 1 1 3 5
608 2 2 2 3 2 3 6
697 1 2 1 2 1 2 4
706 1 1 1 1 2 2 4
605 0 1 1 1 1 1 3
708 1 1 1 1 1 2 3
624 2 3 1 2 2 3 6
740 1 0 0 1 1 1 2
683 2 1 1 2 1 2 4
712 2 1 1 1 2 2 4
670 2 2 1 2 2 3 5
636 1 2 1 1 1 3 5
723 2 2 1 2 2 3 5
653 2 2 1 2 1 3 4
733 3 2 1 2 2 3 6
613 0 2 1 1 1 2 3
614 1 3 2 0 1 2 4
735 3 2 1 3 3 4 7
664 1 1 1 1 1 2 3
658 2 2 1 3 2 3 5
725 2 1 1 2 1 3 4
682 2 2 2 2 2 2 5
714 2 1 1 1 1 2 3
710 0 0 1 1 1 1 2
666 0 2 2 1 1 2 4
713 0 0 1 0 0 1 2
743 1 2 2 2 2 3 5
702 2 1 1 2 1 3 4
729 0 0 1 3 1 2 4
692 3 2 2 3 2 3 6
625 0 1 1 1 1 1 2
668 2 1 1 2 1 3 4
661 3 2 1 2 2 3 6
633 1 3 2 1 1 2 4
715 2 1 1 1 2 3 4
669 3 3 2 2 1 2 6
701 1 1 1 1 1 2 3
719 2 1 2 2 2 3 5
645 3 2 2 3 3 4 7
623 1 2 2 2 2 3 5
662 2 2 1 2 1 2 4
749 0 0 0 1 1 1 2
655 0 1 2 1 1 2 3
752 3 2 2 3 2 4 6
721 2 2 1 2 1 3 5
731 1 2 2 2 2 3 5
695 1 1 1 1 2 2 4
737 0 1 1 3 1 2 4
750 2 1 1 2 2 3 5
700 2 2 1 2 2 3 5
673 1 1 1 1 1 2 3
675 2 2 2 2 1 3 5
626 0 1 1 0 0 1 2
643 3 2 1 3 2 4 6
616 4 3 2 3 2 4 8
699 2 2 1 2 2 3 5
644 3 2 1 2 2 3 5
691 2 2 2 2 2 3 5
726 2 1 1 2 2 3 5
677 2 2 2 2 2 3 5
694 2 1 2 2 1 3 5
742 0 1 2 1 1 2 4
730 1 2 2 2 1 2 5
637 2 1 1 2 1 3 4
732 1 2 2 1 1 3 5
665 2 1 1 2 2 3 4
746 2 2 2 3 3 4 7
686 2 2 2 1 1 2 5
727 1 1 1 1 1 1 2
628 1 2 1 1 1 2 4
651 1 1 1 1 1 2 3
659 2 1 1 2 2 3 5
736 3 2 1 1 1 1 3
720 1 1 1 2 2 2 4
687 1 1 1 2 1 2 3
660 0 2 2 0 1 1 3
671 3 2 2 2 2 2 5
698 1 1 1 1 1 1 2
748 2 3 3 1 1 3 6
753 1 2 1 2 1 2 4
652 2 1 2 2 2 3 5
705 2 2 1 2 1 3 5
622 0 1 1 2 1 2 4
722 3 2 1 3 2 4 7
621 2 1 1 2 1 3 5
649 0 0 1 3 0 1 2
734 2 2 1 3 2 3 6
711 2 2 2 2 2 3 5
610 1 2 1 1 1 2 4
611 3 2 2 1 1 2 5
674 1 1 1 2 2 3 4
688 2 2 1 2 1 2 4
678 1 2 1 2 1 2 4
657 2 2 2 2 2 3 5
631 3 3 2 2 2 4 7
696 0 2 1 3 2 3 5
728 3 2 1 2 2 3 5
635 0 0 1 3 1 2 4
680 3 3 2 3 2 4 7
650 2 2 2 2 3 4 7
654 2 2 1 2 2 3 5
646 3 1 2 1 2 2 5
630 2 2 2 2 1 3 5
629 2 2 2 2 2 3 5
647 2 2 1 2 2 3 5
707 1 1 1 1 1 1 3
609 3 2 1 3 2 3 6
634 2 2 2 3 2 3 6
627 2 2 1 2 2 3 5
656 0 1 1 1 1 1 3
709 3 3 3 2 1 3 6
718 1 1 1 1 1 2 3
744 2 2 2 2 2 3 6
638 2 1 1 2 1 2 4
619 3 1 2 2 2 3 5
612 2 2 1 1 1 2 4
641 0 2 2 0 0 1 3
747 4 4 2 1 1 2 6
663 2 2 1 2 2 3 5
741 2 2 1 2 2 3 5
751 3 3 2 3 2 4 8
639 1 2 1 1 1 2 3
615 1 2 1 2 2 3 5
640 3 2 1 3 3 4 7
704 0 0 1 3 1 2 4
632 2 2 2 2 1 2 5
724 2 2 2 3 2 3 6
607 2 1 1 2 1 2 4
