883 1 1 1 1 1 1 3
781 1 1 2 2 2 2 4
904 1 1 1 2 1 2 4
854 2 1 1 2 1 3 5
874 3 2 2 2 1 3 5
779 0 0 1 1 1 1 2
826 1 1 1 2 0 1 3
860 3 2 1 2 2 3 5
794 2 1 2 2 1 3 5
889 1 0 0 1 1 1 3
807 2 1 1 2 1 3 5
820 3 3 1 3 1 4 6
795 1 0 1 1 1 1 3
890 1 3 1 1 1 3 5
760 2 1 1 2 1 3 5
789 2 1 1 2 1 3 5
837 1 1 1 2 1 1 3
816 2 1 1 2 3 3 5
870 3 4 3 1 1 3 6
825 2 1 1 2 1 3 5
894 3 3 3 3 3 3 6
867 2 2 1 2 1 3 5
814 0 0 0 1 0 1 1
861 1 1 1 1 1 2 4
771 1 1 1 2 1 2 4
852 2 2 1 2 1 3 5
830 2 1 1 2 2 3 5
868 3 3 1 3 1 4 6
834 2 1 2 1 1 2 4
761 2 1 1 1 1 2 4
849 3 3 1 2 2 3 5
773 1 1 1 2 2 2 4
797 2 2 2 2 2 3 5
863 1 1 1 1 0 1 3
902 0 0 0 0 0 0 1
855 2 1 1 2 1 2 4
856 2 1 1 2 0 2 4
878 3 3 2 1 1 2 4
869 1 0 0 1 0 1 2
788 1 1 1 2 0 1 3
783 2 1 1 2 1 3 5
899 2 2 2 2 2 3 6
755 3 3 1 3 1 4 6
796 1 1 1 1 0 1 3
804 3 2 2 2 3 3 6
828 3 2 3 2 2 3 6
887 1 0 0 1 1 1 3
882 3 3 1 2 1 2 6
766 3 2 1 3 1 4 6
875 1 1 1 2 1 2 4
832 2 3 2 2 1 3 5
845 1 1 1 2 2 2 4
896 2 2 2 2 1 3 6
859 1 1 1 2 1 2 4
824 1 1 1 1 0 1 3
900 2 1 1 2 1 3 5
879 2 2 2 2 1 2 5
888 3 2 1 3 1 4 6
840 1 2 2 2 2 2 5
778 3 2 1 2 1 3 5
763 1 1 1 1 1 2 3
754 2 2 1 2 3 3 5
806 3 3 1 2 1 3 5
829 2 2 1 2 1 3 5
759 1 1 1 1 1 2 4
844 2 3 1 2 1 3 5
831 1 1 0 1 0 1 2
811 3 3 1 2 1 2 6
835 1 2 1 2 1 2 4
881 2 1 2 2 2 3 5
782 2 2 2 2 1 3 5
758 1 1 2 2 1 2 4
799 1 0 1 1 0 1 3
892 2 2 2 2 1 3 5
822 2 2 1 3 1 3 5
851 2 2 2 2 1 3 5
762 1 0 0 1 2 1 3
801 2 2 1 2 1 2 4
858 3 3 3 3 2 4 7
809 2 2 1 2 1 3 5
877 1 1 2 2 1 2 4
872 1 1 2 1 0 1 3
792 2 2 0 2 1 3 5
785 3 3 2 2 1 4 6
827 2 2 1 1 1 1 3
821 2 1 1 2 1 2 4
784 2 1 2 2 1 3 5
764 0 1 1 1 1 1 3
886 2 2 3 1 1 2 4
774 1 2 2 2 1 3 5
846 2 2 2 2 2 4 6
895 1 1 1 1 1 2 4
884 1 2 2 1 1 2 4
810 2 2 2 1 1 3 5
776 1 2 1 2 1 2 4
787 1 2 3 2 2 3 5
836 2 2 1 2 1 2 4
885 2 2 2 2 3 2 4
817 3 3 2 2 1 4 7
808 2 1 1 2 1 2 4
903 2 2 1 2 1 3 5
800 3 3 1 2 1 3 5
777 2 3 3 2 2 3 6
841 1 2 2 2 2 2 5
791 3 3 1 2 2 2 5
805 0 2 2 2 2 2 4
853 3 2 2 2 1 3 5
769 2 2 1 1 1 2 4
897 1 2 1 1 0 1 3
813 2 1 1 2 1 3 5
901 2 2 1 2 1 3 5
898 1 3 3 2 2 3 6
768 0 0 1 1 0 1 2
786 2 2 2 2 2 3 5
767 2 2 1 2 1 3 5
815 3 3 3 2 2 4 7
772 2 1 1 2 1 2 4
757 2 2 2 2 1 3 5
819 3 3 2 1 2 3 5
891 1 1 1 1 0 1 3
865 2 2 2 2 3 3 5
842 1 1 1 1 1 2 3
871 3 4 2 2 1 4 7
893 1 1 2 2 1 2 4
847 1 1 1 1 0 1 3
802 3 3 1 2 1 4 6
803 3 3 1 3 1 4 7
756 2 1 2 2 1 3 5
818 0 0 0 1 0 1 2
866 3 1 2 2 0 2 4
790 1 1 1 1 0 1 3
880 2 3 2 3 2 4 6
775 1 1 2 1 1 1 3
812 1 1 1 1 1 2 4
857 3 3 1 3 1 4 6
876 3 2 2 2 2 3 6
833 2 2 1 3 1 3 5
839 2 1 2 2 3 3 5
823 1 1 1 1 0 1 3
838 1 1 1 2 1 2 4
843 1 1 2 1 0 1 3
798 1 1 1 0 0 1 2
765 2 2 1 2 1 2 5
850 1 1 3 2 1 2 4
873 1 1 1 1 1 2 3
848 4 4 1 2 1 3 7
770 3 3 2 2 1 2 6
780 2 1 2 1 2 2 4
864 3 3 3 3 2 4 8
862 3 2 2 2 1 3 6
