940 0 0 1 3 2 2 4
966 1 1 1 2 2 3 5
1050 0 2 2 3 2 3 5
1020 1 1 1 1 0 1 3
962 2 2 1 2 2 3 6
1036 0 1 0 0 0 0 1
967 2 2 1 2 1 3 5
1037 1 1 1 1 1 2 4
981 3 1 2 3 2 4 7
1026 2 1 1 3 2 3 5
978 0 1 1 2 1 1 3
918 2 1 1 2 2 3 5
1012 2 2 2 2 1 3 6
979 2 2 2 2 1 3 6
955 2 1 2 2 2 3 5
913 2 1 1 2 2 3 5
948 1 2 1 2 1 2 4
986 2 3 1 2 2 3 6
929 1 1 1 2 1 2 4
1002 1 2 1 2 1 3 5
951 2 2 2 1 1 2 5
1048 1 1 1 0 0 1 3
1025 3 2 2 2 2 4 7
1024 1 1 1 2 1 2 4
932 3 1 2 3 3 4 7
1049 2 2 1 2 2 3 6
988 3 1 1 2 2 4 6
961 2 2 2 2 2 3 6
1031 2 1 2 2 2 3 5
990 2 3 2 2 2 3 6
1047 2 0 1 2 2 4 6
996 1 1 1 2 1 2 4
1041 2 1 1 3 2 3 5
921 1 2 2 2 2 3 5
956 3 3 2 3 3 4 7
1039 1 0 1 2 1 2 4
906 0 1 1 2 1 1 3
999 3 2 1 2 2 4 7
919 3 1 1 3 2 4 7
938 1 1 1 1 1 2 4
969 3 2 1 2 2 3 6
920 2 2 1 2 1 2 4
993 2 1 1 2 1 3 5
926 0 0 0 0 0 0 1
1017 1 1 1 1 1 2 3
933 2 1 1 2 2 3 5
1043 1 1 1 2 2 2 4
1042 2 2 2 2 2 3 6
1016 3 3 2 3 2 4 7
928 1 2 1 1 1 2 4
1021 1 3 2 2 1 3 6
1006 3 1 1 3 2 4 7
964 1 3 2 2 2 3 6
965 0 1 1 1 1 1 3
911 3 2 2 3 2 4 6
960 2 2 2 1 2 2 5
930 2 2 2 2 3 4 7
971 2 1 1 1 1 2 4
1038 2 3 2 2 2 3 6
1035 1 1 1 2 1 2 4
905 2 0 1 2 2 3 5
976 2 3 3 2 2 3 6
915 1 1 2 2 1 3 5
943 3 2 2 3 2 4 7
1053 2 1 2 2 2 3 5
941 0 1 1 3 2 3 5
908 2 1 1 2 1 2 4
1051 3 3 2 2 2 4 7
995 2 2 1 2 2 3 5
1019 1 0 1 2 0 1 3
1015 2 2 2 2 1 3 5
975 3 1 1 2 1 4 6
963 2 2 2 2 2 3 5
1052 1 1 1 2 2 3 4
953 3 1 1 2 1 4 6
1009 2 2 1 2 2 4 6
958 3 3 1 2 2 4 7
992 1 2 1 1 1 2 4
942 1 0 1 2 2 3 5
1034 1 3 1 1 1 1 4
1013 2 1 2 2 3 3 5
1007 2 1 1 2 1 2 4
936 3 1 2 3 2 4 7
1033 1 2 1 2 1 2 5
1003 0 0 1 2 1 2 3
1032 1 2 1 1 1 2 4
949 4 4 2 3 2 4 9
931 2 1 1 2 1 2 4
952 0 0 1 3 2 2 4
968 2 2 1 3 2 4 6
1027 2 1 1 2 1 2 4
1010 1 0 0 1 0 1 3
980 1 2 1 1 1 2 4
1022 3 4 3 3 2 4 8
987 1 1 1 2 1 2 4
1008 1 1 1 2 1 2 4
1040 1 1 1 2 2 2 4
998 2 2 2 2 2 3 5
985 1 1 2 2 2 2 5
973 2 2 1 2 2 3 5
989 3 3 2 2 2 3 6
972 2 2 2 2 3 4 7
1000 1 1 1 2 1 2 4
1045 2 0 1 2 2 4 6
954 1 1 2 1 2 2 4
1005 2 2 1 2 2 3 5
1018 1 1 1 2 1 2 4
947 1 1 1 1 1 2 3
1001 2 3 2 2 1 3 6
1044 3 3 2 3 2 4 8
916 0 0 1 2 1 2 3
1030 3 1 2 2 2 4 7
917 2 2 1 2 2 3 6
945 2 1 1 1 1 2 4
997 1 1 1 2 1 2 4
1004 1 1 1 1 1 1 3
950 1 2 2 2 1 2 5
937 1 1 1 2 1 2 4
946 0 2 2 1 1 2 4
927 0 2 2 1 1 2 4
909 2 3 3 2 2 4 7
1023 0 1 0 0 0 0 1
912 3 2 1 3 2 4 6
994 4 3 4 3 3 4 9
1046 1 2 1 1 1 2 4
957 2 2 2 2 1 3 5
983 3 2 2 2 1 3 6
924 2 1 1 3 2 3 5
1014 0 1 1 2 1 2 4
959 1 1 1 2 2 3 5
944 1 1 1 2 2 3 4
1054 1 1 1 1 0 2 3
939 3 3 1 4 3 4 7
922 0 0 1 3 1 2 4
914 2 1 1 2 1 3 5
984 3 3 2 2 2 4 7
935 1 2 1 1 1 2 4
977 3 2 1 2 1 3 6
934 1 1 1 2 2 3 4
907 1 1 2 2 1 2 4
1028 1 1 1 1 1 2 3
923 3 3 2 2 2 1 5
910 3 2 2 1 1 2 5
991 0 0 1 3 2 2 4
982 0 0 1 3 2 2 4
925 1 1 1 1 1 2 3
970 3 2 1 3 2 3 5
1029 0 1 2 2 2 3 5
1011 3 3 1 2 2 4 7
974 3 0 1 3 3 4 7
