1125 0 0 1 2 1 1 3
1086 2 1 1 1 1 2 4
1092 3 3 2 2 2 2 6
1085 1 1 2 1 1 1 3
1153 2 1 2 2 1 2 4
1087 3 2 2 3 2 3 6
1120 2 1 1 3 2 3 5
1200 2 2 1 2 1 3 5
1184 2 2 1 2 2 3 6
1083 3 1 1 3 3 4 7
1203 3 2 2 3 3 4 7
1195 3 1 2 2 2 3 6
1177 2 1 1 3 2 3 5
1193 3 1 1 2 2 4 6
1136 1 1 1 2 1 2 4
1065 3 2 1 3 2 4 6
1062 2 2 1 2 2 3 5
1091 0 1 1 1 1 1 3
1158 1 0 1 1 1 2 4
1075 2 2 2 2 2 3 6
1157 3 2 1 4 3 4 6
1180 1 2 1 1 1 1 3
1060 1 2 2 1 1 1 4
1056 2 2 2 2 2 3 6
1069 3 0 1 3 3 4 7
1089 1 1 1 2 1 2 4
1182 1 0 1 1 1 1 3
1151 1 0 1 2 2 3 4
1204 3 2 2 2 2 3 6
1146 2 1 1 1 1 2 4
1100 2 2 1 2 1 2 4
1114 1 1 1 2 1 3 4
1061 2 2 1 2 1 3 5
1099 0 1 2 2 2 3 5
1199 2 3 2 3 2 4 7
1190 1 2 1 2 2 3 5
1175 2 2 1 3 2 4 6
1147 3 2 3 3 2 4 7
1102 4 4 2 3 2 4 9
1130 0 0 1 3 1 2 4
1132 1 2 1 1 1 3 5
1141 1 1 1 2 1 2 4
1166 1 2 2 1 1 2 4
1187 2 1 1 2 1 3 5
1137 1 1 1 2 2 3 5
1163 2 1 2 3 2 3 6
1104 3 1 2 2 1 3 6
1172 0 1 1 3 1 2 4
1067 2 2 1 3 2 3 5
1097 1 1 1 2 2 2 4
1111 1 1 2 2 2 2 4
1079 1 0 1 1 0 1 3
1168 1 2 1 2 1 2 4
1110 2 2 1 3 2 3 5
1107 2 2 1 2 1 2 4
1183 1 1 1 1 1 1 3
1088 2 1 2 2 1 3 5
1133 3 1 1 3 2 4 7
1176 1 1 2 2 2 3 5
1106 1 0 1 2 1 2 4
1162 1 2 1 1 1 2 4
1202 2 1 1 2 1 3 5
1093 1 1 1 2 1 2 4
1112 2 1 2 2 1 3 5
1181 1 2 1 1 1 2 4
1119 2 1 2 2 1 3 5
1074 1 1 1 1 1 2 3
1129 1 0 1 2 0 2 3
1171 1 1 1 2 1 2 4
1064 2 1 2 2 2 3 5
1155 2 2 2 2 1 3 5
1126 3 3 1 4 3 4 7
1142 1 1 1 1 1 1 3
1094 2 2 1 2 1 2 4
1082 1 0 1 2 2 3 4
1161 2 2 1 3 2 3 5
1152 2 1 1 2 1 2 3
1150 2 2 1 3 2 3 5
1174 2 3 2 2 2 4 7
1076 3 2 1 2 1 3 5
1185 0 0 1 4 2 3 5
1113 0 0 1 2 1 2 3
1116 4 3 2 3 2 4 8
1156 2 1 1 2 1 3 5
1138 0 0 1 3 2 2 4
1081 0 1 0 0 0 0 1
1191 2 1 2 1 1 2 4
1080 1 1 1 2 1 1 3
1058 2 2 1 2 1 3 5
1131 2 2 2 2 1 2 5
1148 4 4 3 3 2 4 9
1139 1 1 1 1 1 2 3
1127 2 2 1 2 1 1 4
1109 1 1 1 0 1 1 2
1144 2 1 1 2 2 3 5
1078 2 2 2 2 1 3 5
1096 1 0 1 2 2 2 4
1188 1 1 2 2 1 2 4
1179 2 0 1 1 1 3 5
1077 1 2 1 2 1 2 4
1145 2 1 2 2 2 3 6
1122 2 4 3 2 2 3 7
1173 2 0 1 2 2 3 5
1121 3 1 1 4 3 4 8
1165 1 0 1 2 1 2 3
1073 2 1 1 2 1 3 5
1071 4 4 2 3 2 3 8
1124 3 2 2 2 1 3 6
1194 2 2 3 2 3 4 8
1140 1 1 1 1 1 2 3
1105 0 1 1 3 2 2 4
1128 2 3 3 2 2 4 7
1066 0 1 2 2 2 3 5
1103 0 0 1 3 2 2 4
1169 1 2 2 1 1 2 4
1134 0 1 2 2 2 3 5
1170 1 1 1 1 1 2 4
1059 2 2 1 2 2 3 5
1164 1 2 1 2 1 3 5
1070 2 2 1 2 2 3 5
1108 0 1 1 3 1 2 4
1118 3 2 1 2 2 4 6
1189 1 1 1 2 1 2 4
1117 2 0 1 2 2 3 6
1197 0 1 2 2 2 3 5
1135 2 2 2 2 2 3 6
1084 2 2 2 2 2 2 5
1201 1 1 1 1 1 1 3
1098 0 0 1 3 2 2 4
1196 2 1 1 2 1 2 4
1072 1 1 1 2 1 2 4
1115 1 2 1 2 1 2 4
1057 1 2 1 2 1 2 4
1192 0 0 1 3 1 2 4
1154 2 1 1 2 2 3 5
1198 2 2 2 2 1 3 5
1055 0 0 1 2 1 1 3
1167 2 2 1 2 2 3 5
1143 1 2 2 2 1 2 5
1101 1 1 1 2 1 3 4
1160 3 0 1 3 2 4 7
1095 1 1 1 3 2 3 5
1090 1 2 1 2 1 2 4
1063 3 2 2 3 3 4 6
1159 3 2 1 2 2 4 6
1149 1 1 1 1 1 2 4
1178 2 1 1 2 1 2 4
1186 2 2 1 2 2 3 5
1068 2 2 3 2 2 3 6
1123 2 1 2 3 2 3 5
