1213 3 3 2 2 1 2 7
1326 3 3 2 3 2 3 7
1222 1 1 1 2 1 1 4
1320 2 2 1 2 1 3 5
1217 1 0 1 1 1 1 3
1284 1 0 0 1 1 1 3
1341 3 3 2 2 2 4 7
1323 3 3 1 3 1 3 6
1268 1 2 1 2 2 3 5
1296 2 2 1 2 1 3 5
1274 2 3 2 2 1 3 6
1310 3 3 2 2 2 3 7
1247 1 1 1 1 0 1 3
1294 3 2 2 2 1 4 6
1240 0 1 0 0 0 0 1
1330 1 3 2 2 1 3 6
1261 1 1 1 1 1 1 3
1249 1 0 1 2 0 1 3
1257 2 2 1 2 1 3 5
1306 1 2 1 1 1 1 3
1314 2 1 1 2 1 2 4
1328 2 3 2 2 1 3 6
1228 3 4 2 3 3 4 8
1208 1 1 1 1 0 1 3
1238 0 2 2 1 1 2 4
1219 3 3 2 2 2 3 6
1327 0 1 0 1 0 0 2
1267 1 3 2 1 1 2 5
1276 2 2 1 2 1 3 5
1253 2 2 1 2 1 3 5
1255 2 1 1 2 1 2 4
1331 2 2 1 2 2 3 5
1259 2 1 2 2 2 2 4
1224 1 2 1 1 1 2 4
1289 2 2 1 2 1 3 5
1264 3 4 3 3 2 4 8
1302 3 3 2 3 2 4 7
1316 4 4 1 2 1 2 7
1354 1 1 2 1 1 2 4
1351 3 3 2 3 1 4 7
1312 3 3 2 2 2 3 6
1280 1 1 1 2 2 2 4
1214 3 3 2 3 2 4 7
1235 1 1 1 2 1 2 4
1334 2 1 1 2 1 2 4
1348 3 3 2 2 1 3 6
1231 2 1 1 2 2 3 5
1297 1 1 1 1 0 0 2
1220 2 3 1 3 1 3 6
1209 2 0 1 1 1 3 5
1317 1 1 2 2 1 2 4
1307 1 0 0 2 0 1 3
1205 2 2 1 2 1 2 4
1292 3 1 2 2 3 1 5
1298 1 1 1 2 1 1 3
1337 3 2 2 2 1 2 5
1242 1 1 1 1 1 2 3
1332 3 3 2 3 2 3 6
1246 0 0 0 2 1 2 4
1263 2 1 1 2 2 3 5
1225 1 1 1 2 0 2 4
1308 3 3 2 2 1 3 6
1258 1 1 1 2 1 2 4
1252 1 1 1 2 1 2 4
1211 0 1 1 1 1 1 3
1345 3 4 2 2 1 3 7
1338 1 1 1 2 1 1 3
1260 0 0 0 2 0 2 3
1272 2 3 2 2 2 3 6
1346 3 2 2 2 1 3 6
1265 3 3 3 3 2 4 7
1236 3 3 2 3 3 4 7
1232 0 0 0 2 1 2 3
1275 3 3 3 3 3 4 7
1266 4 3 3 3 3 4 8
1288 2 2 2 2 1 3 6
1303 2 0 0 1 1 1 3
1223 1 2 1 1 1 2 4
1339 1 0 1 2 1 2 4
1324 3 3 1 2 1 3 5
1251 2 1 1 2 1 2 4
1270 3 4 2 2 1 4 7
1305 1 1 1 1 1 1 3
1315 0 0 0 2 1 2 3
1254 2 1 1 2 1 2 4
1295 3 1 1 3 2 4 6
1286 1 1 1 1 1 2 3
1212 1 1 1 2 1 2 4
1311 3 1 2 3 2 4 7
1293 3 3 2 3 2 4 6
1344 2 2 2 2 1 3 6
1244 3 1 1 3 2 4 7
1309 2 1 1 1 1 2 4
1340 1 1 1 2 1 3 5
1271 0 0 0 2 0 1 3
1319 1 1 1 1 1 1 3
1233 1 1 2 2 2 2 4
1269 2 2 1 2 1 3 5
1273 3 2 2 2 1 3 6
1241 3 3 1 2 1 3 6
1355 3 3 2 3 2 4 7
1353 2 1 1 2 1 2 4
1304 1 2 1 1 1 1 3
1206 2 1 1 2 1 3 4
1256 4 3 3 2 1 2 6
1321 0 0 0 0 0 0 1
1221 3 3 1 2 1 2 5
1278 1 0 0 1 0 1 2
1248 2 2 1 1 2 1 3
1218 1 2 1 1 2 2 4
1282 2 1 1 2 2 2 4
1287 3 1 1 3 2 4 6
1299 0 0 1 2 1 2 4
1313 1 1 1 1 0 1 3
1318 2 1 1 2 1 2 4
1279 4 3 2 3 2 2 5
1290 2 0 1 2 2 2 4
1325 1 1 1 1 0 2 3
1243 3 2 2 3 1 3 6
1237 3 3 3 2 2 3 7
1216 0 0 0 2 1 2 3
1333 2 2 1 2 2 3 5
1277 2 0 1 2 2 3 5
1335 0 0 1 0 0 1 2
1336 1 1 1 1 1 1 2
1229 3 1 2 3 2 4 6
1349 2 1 1 2 2 3 5
1227 3 3 1 2 1 3 6
1283 3 3 2 2 2 3 7
1285 1 2 2 1 1 1 3
1215 3 3 3 3 2 4 7
1300 1 1 1 1 0 1 2
1230 0 0 0 1 0 0 1
1234 2 2 2 1 1 2 4
1250 3 3 2 2 2 3 6
1291 3 3 1 3 1 4 7
1245 1 1 1 0 1 1 2
1350 3 3 3 2 2 3 7
1343 1 0 0 1 1 1 2
1347 1 1 1 2 1 2 4
1301 2 2 2 2 1 3 5
1329 0 0 1 2 0 2 3
1207 1 1 1 1 0 2 3
1352 3 2 2 2 1 3 6
1281 2 2 1 2 1 3 5
1239 1 2 2 2 1 2 4
1210 1 2 1 2 1 3 4
1322 0 0 0 2 0 2 3
1226 1 1 1 1 0 1 3
1262 1 2 1 1 1 2 4
