1418 2 2 1 2 1 2 4
1488 1 3 2 1 1 3 6
1389 3 3 3 2 2 3 7
1444 1 2 1 2 1 2 4
1426 1 1 1 1 1 2 4
1386 1 1 1 1 1 2 4
1432 2 1 1 2 2 3 6
1404 3 2 1 3 2 4 7
1443 2 2 1 2 1 3 5
1385 1 2 1 0 1 1 3
1372 2 2 1 2 1 2 5
1505 2 3 2 2 2 3 7
1425 0 1 1 1 1 1 3
1461 3 3 2 3 2 4 7
1500 3 2 1 3 3 4 8
1487 2 2 1 2 2 3 5
1499 1 1 1 1 1 2 4
1376 2 2 1 1 1 2 4
1412 2 1 1 2 2 2 4
1369 1 3 2 2 1 2 6
1465 1 1 1 1 1 2 3
1493 2 2 1 2 2 3 5
1420 3 2 1 2 1 3 6
1466 3 3 2 3 2 4 7
1504 3 2 1 4 3 4 8
1450 3 3 2 2 2 4 7
1492 0 1 0 0 1 0 1
1361 2 2 1 2 2 3 5
1463 2 2 2 2 2 3 6
1442 3 2 1 2 2 3 6
1394 1 2 2 2 1 2 5
1387 1 1 1 1 1 2 4
1495 2 2 1 2 1 3 5
1423 2 1 1 2 1 3 4
1370 0 1 0 1 1 1 2
1498 2 2 2 2 2 3 5
1375 2 1 1 2 1 3 5
1430 2 2 2 2 2 3 6
1436 2 1 1 2 1 3 4
1494 2 1 1 2 1 3 5
1451 3 2 1 3 3 4 7
1453 4 4 2 3 2 4 9
1437 1 1 1 2 1 1 3
1455 1 1 1 2 1 2 4
1491 2 2 1 2 2 3 5
1502 2 1 1 2 1 3 4
1424 0 1 0 0 0 0 1
1391 3 3 2 2 1 3 7
1459 2 2 1 2 1 2 5
1413 4 3 2 3 2 4 8
1366 2 1 1 2 1 3 4
1478 3 3 2 2 2 3 7
1464 1 2 1 1 1 2 4
1429 1 1 2 1 1 2 4
1476 3 2 1 3 3 4 8
1484 3 3 1 2 1 3 6
1440 2 2 1 1 1 2 4
1405 3 3 2 2 2 4 8
1408 2 1 1 1 1 2 4
1481 3 2 1 2 2 4 6
1377 2 2 2 1 1 3 5
1362 2 2 1 2 2 3 5
1411 1 1 1 2 1 2 4
1490 1 1 1 1 1 2 4
1428 0 1 1 1 1 1 2
1378 3 2 1 2 2 3 6
1422 4 3 3 3 2 4 8
1360 3 2 2 2 2 3 6
1399 3 3 1 3 2 4 7
1414 1 1 1 1 1 2 3
1462 1 2 2 2 1 3 5
1448 2 3 2 2 1 2 6
1392 1 1 1 2 1 1 3
1479 0 0 1 3 1 2 4
1456 0 0 1 3 1 2 4
1438 1 1 1 2 1 2 4
1356 2 2 2 2 2 3 6
1379 1 2 1 2 1 3 5
1383 1 2 1 1 1 2 4
1402 1 1 1 1 1 1 3
1497 3 3 1 2 1 3 6
1469 1 1 2 2 1 2 4
1471 1 2 1 1 1 2 4
1410 0 2 2 2 1 2 4
1447 4 3 2 3 2 4 8
1368 0 1 1 3 1 2 4
1427 1 1 1 2 2 2 4
1406 3 3 2 2 2 3 7
1439 2 2 1 1 1 3 5
1486 2 2 2 2 2 3 6
1409 3 3 1 3 3 4 7
1501 1 1 1 2 1 2 4
1416 2 1 1 2 2 3 5
1400 2 2 1 2 2 3 5
1371 1 1 1 1 1 2 3
1474 3 3 2 2 2 3 7
1358 2 3 1 2 1 3 6
1483 0 1 1 2 2 2 4
1458 3 2 1 2 2 3 6
1367 1 1 1 1 1 2 3
1480 2 1 1 1 1 2 4
1365 1 1 1 1 1 1 3
1407 3 2 1 3 2 4 7
1457 1 1 1 1 1 2 3
1401 3 3 2 2 2 4 7
1472 1 1 1 2 1 2 3
1397 1 1 2 1 1 2 4
1452 1 1 2 1 1 1 3
1503 1 1 1 1 1 2 3
1364 1 1 1 1 1 2 3
1393 3 3 1 2 2 4 8
1381 2 2 1 2 1 3 5
1395 2 3 2 2 1 2 6
1417 1 1 2 1 2 2 4
1433 1 1 1 2 1 2 4
1396 3 3 2 2 2 4 8
1441 3 4 2 2 1 3 8
1477 3 3 1 2 1 3 6
1434 2 1 1 2 1 2 4
1415 2 2 1 1 1 2 5
1445 2 2 2 1 1 3 5
1382 1 1 1 2 1 2 4
1446 2 2 1 2 1 3 5
1357 2 2 1 1 1 2 5
1468 2 3 2 2 1 3 6
1359 3 2 1 2 2 3 6
1496 2 2 2 2 1 3 5
1390 2 1 1 2 2 3 5
1454 3 2 1 3 2 3 6
1384 3 3 2 2 2 3 7
1363 3 4 3 3 2 3 8
1485 3 3 2 3 3 4 8
1473 2 2 2 2 1 2 5
1460 3 2 1 3 2 4 7
1398 3 3 1 2 1 3 6
1449 1 1 1 1 1 2 4
1373 2 2 1 2 1 3 6
1388 0 0 0 1 0 0 1
1489 3 2 1 3 2 4 7
1475 1 1 1 2 1 2 3
1403 2 2 2 2 2 3 6
1482 1 1 1 1 1 2 3
1380 1 1 1 1 1 2 3
1421 2 1 2 2 1 3 5
1431 0 0 1 3 1 2 3
1470 2 3 2 2 2 3 6
1419 1 1 2 2 1 2 4
1467 2 1 1 2 2 3 5
1435 2 1 1 2 1 2 4
1374 2 3 2 2 1 3 6
