1523 1 1 1 2 1 2 3
1547 0 1 1 1 1 1 2
1507 2 1 1 2 2 3 5
1574 2 2 2 2 2 3 6
1623 2 2 1 1 1 2 4
1548 2 2 1 2 1 2 4
1626 1 2 1 1 1 1 3
1515 0 1 1 0 0 0 1
1581 2 2 1 2 1 2 4
1566 2 2 1 2 1 3 5
1594 2 2 1 2 1 3 5
1538 1 1 1 1 1 1 3
1567 2 2 2 2 1 3 6
1545 0 1 2 2 1 3 5
1542 2 2 2 2 2 3 6
1599 2 2 1 2 1 3 5
1601 1 1 1 2 1 2 4
1555 2 2 2 2 1 3 6
1629 3 3 2 2 2 3 7
1518 0 1 1 2 1 2 4
1598 0 1 1 0 1 1 2
1553 3 2 2 2 2 3 6
1640 3 3 2 2 2 3 7
1644 2 2 1 3 2 3 5
1506 1 1 1 2 1 2 4
1635 1 1 1 1 1 2 4
1510 0 1 1 0 1 0 1
1559 2 1 1 2 2 3 5
1528 0 1 0 0 0 0 1
1633 2 2 2 2 2 3 6
1583 1 1 1 1 1 1 3
1593 2 2 1 2 2 3 5
1645 2 2 1 2 2 3 5
1564 1 1 1 2 1 2 4
1520 3 3 2 3 2 4 8
1573 3 3 2 2 2 4 7
1526 1 1 1 1 1 2 3
1649 3 3 1 2 1 3 6
1554 1 1 1 1 1 2 4
1588 1 3 2 2 1 3 6
1610 1 1 1 1 1 2 3
1607 0 1 0 0 0 0 1
1642 2 2 1 2 1 3 6
1546 2 1 1 2 2 3 5
1631 3 3 2 2 2 4 7
1604 2 2 2 2 1 3 5
1508 1 1 1 1 1 1 3
1654 1 1 1 0 1 1 3
1632 1 2 1 2 2 3 5
1563 1 1 1 1 1 2 3
1551 2 1 1 1 1 3 4
1591 2 2 1 2 1 3 5
1532 2 2 1 1 1 1 4
1595 1 3 2 2 1 3 6
1585 0 1 1 1 1 1 2
1525 2 2 2 2 2 3 5
1641 0 2 1 1 1 1 3
1572 3 2 2 2 2 3 6
1575 0 0 1 3 1 3 4
1587 1 2 1 2 1 2 4
1521 2 1 2 2 1 3 4
1514 1 2 1 2 2 3 5
1639 1 1 1 1 1 2 3
1586 2 2 2 3 3 3 5
1549 1 1 1 1 1 2 3
1600 2 1 1 2 1 2 4
1579 2 2 1 2 1 3 5
1651 0 2 1 1 1 1 3
1617 3 2 1 2 1 3 6
1580 1 2 1 2 1 2 4
1556 1 1 1 2 1 2 4
1560 2 1 1 1 1 2 4
1519 1 1 1 2 2 2 4
1558 2 2 2 2 2 3 6
1627 2 2 1 2 2 3 6
1622 1 2 1 1 1 1 3
1544 2 3 3 2 2 4 7
1613 1 1 1 2 1 2 4
1602 3 2 2 3 2 4 7
1590 0 1 1 2 1 1 3
1568 0 0 1 3 1 2 4
1616 1 3 2 2 1 3 6
1562 2 1 1 1 1 2 5
1647 1 2 1 2 1 2 5
1655 0 1 1 2 1 1 3
1637 1 2 1 2 1 3 5
1530 3 3 2 3 2 4 7
1589 2 1 2 2 1 3 5
1605 2 3 2 2 2 3 7
1592 1 2 1 2 1 2 4
1620 1 1 1 1 1 1 3
1516 2 2 2 1 1 3 6
1646 2 2 1 2 2 3 5
1584 1 1 1 2 1 2 3
1527 2 1 2 1 1 2 4
1570 4 4 2 3 3 4 9
1536 1 1 1 1 1 1 2
1603 0 2 2 1 1 1 3
1636 0 1 2 2 1 2 4
1643 3 3 2 2 2 3 7
1541 0 1 1 1 1 1 2
1540 1 1 2 2 1 2 4
1533 3 3 1 1 1 2 5
1509 3 4 2 3 2 4 8
1535 1 1 1 1 1 2 3
1522 3 2 1 3 2 3 6
1543 2 2 2 2 1 2 5
1550 1 1 3 3 2 3 6
1608 2 1 1 2 1 2 4
1619 2 2 2 2 1 3 5
1565 1 1 1 1 1 1 3
1517 1 1 1 1 1 2 3
1652 2 3 2 2 2 3 6
1597 3 2 1 2 1 3 5
1618 0 0 1 3 1 2 4
1606 2 1 1 3 3 3 6
1531 1 2 1 1 0 1 3
1648 3 3 1 2 2 2 6
1578 1 1 1 1 1 1 2
1539 1 2 3 2 1 2 5
1625 2 1 1 2 1 2 4
1513 2 2 2 2 1 3 6
1615 1 1 1 1 1 2 4
1529 1 2 2 1 1 2 5
1561 2 1 1 2 2 3 5
1576 0 1 1 1 1 1 2
1569 1 1 1 2 1 2 4
1614 2 2 1 2 1 3 5
1596 1 1 1 2 1 1 3
1612 1 1 1 1 1 2 3
1512 2 3 2 1 2 3 7
1611 4 3 2 3 2 3 7
1571 1 2 2 2 2 3 5
1511 0 1 1 2 1 2 4
1534 3 2 1 2 2 3 6
1621 1 1 1 1 1 1 3
1557 0 0 1 1 1 0 1
1653 2 1 1 1 1 2 4
1638 1 1 1 2 2 3 4
1609 2 2 1 2 2 3 6
1630 2 1 2 2 2 3 5
1524 3 3 3 3 2 4 8
1582 1 1 1 2 1 2 4
1624 1 2 1 1 1 2 3
1552 0 1 1 2 1 2 4
1650 3 2 2 2 2 4 6
1628 3 3 2 3 2 3 7
1634 1 2 2 2 2 3 5
1537 0 1 1 1 1 1 2
1577 2 2 1 2 1 3 5
