1710 2 1 1 1 1 2 4
1707 2 3 1 2 2 3 6
1779 3 3 2 3 1 3 6
1702 2 2 1 2 1 3 5
1684 1 1 1 2 1 2 4
1745 3 3 1 3 2 3 6
1765 3 3 2 3 2 4 7
1778 2 2 2 2 2 3 5
1670 2 3 2 2 1 3 6
1804 1 0 0 1 0 1 3
1698 4 4 4 1 0 1 5
1716 3 4 3 2 3 3 7
1738 0 0 1 2 1 1 3
1761 2 3 2 2 1 3 6
1706 1 1 0 2 1 2 4
1739 3 3 1 3 2 3 6
1679 1 1 0 1 0 1 2
1708 3 3 2 2 2 3 7
1695 2 1 1 2 1 2 4
1795 2 1 1 3 1 3 5
1664 1 2 3 1 1 2 4
1762 2 2 1 1 1 3 5
1711 2 2 1 3 2 3 6
1686 3 3 1 3 1 4 7
1787 1 1 1 1 1 2 3
1780 2 2 2 3 1 3 6
1776 0 0 1 1 1 1 2
1728 2 2 2 2 2 3 6
1718 2 3 2 2 2 3 6
1742 1 1 1 1 1 2 4
1667 3 3 1 3 1 4 7
1674 3 2 2 2 1 3 6
1734 3 3 2 3 1 3 6
1663 1 1 1 2 1 2 4
1673 3 3 1 3 1 3 6
1722 2 2 1 2 2 3 5
1752 0 2 2 1 1 1 3
1753 3 3 3 2 2 3 7
1692 1 1 0 2 1 2 4
1727 0 0 0 1 1 2 4
1766 2 2 2 3 2 3 6
1773 2 1 1 2 1 2 4
1685 2 1 1 2 3 3 6
1746 2 2 2 2 2 3 5
1784 3 2 1 3 1 3 6
1781 0 1 0 1 0 1 2
1768 2 2 1 2 3 3 6
1733 1 0 0 1 0 2 3
1688 2 2 1 2 1 3 5
1772 3 3 2 3 2 3 6
1803 0 2 2 1 1 2 4
1747 2 1 1 2 1 3 5
1724 1 0 0 0 1 1 2
1748 2 3 1 2 2 3 6
1732 3 3 2 3 1 4 7
1800 1 3 3 2 1 3 6
1704 2 2 1 3 1 3 5
1770 3 3 1 3 2 3 6
1665 0 0 0 0 0 0 1
1697 2 2 1 2 1 3 5
1680 0 0 1 2 1 2 4
1799 1 0 0 1 0 1 3
1802 2 1 1 2 1 2 5
1676 2 2 1 3 1 3 5
1767 3 2 1 2 1 2 5
1709 3 2 2 3 2 4 7
1729 4 3 1 3 2 4 8
1672 3 3 1 2 1 3 6
1714 1 2 1 2 1 2 4
1790 1 1 0 1 1 1 3
1775 3 3 2 3 1 3 6
1726 2 1 1 2 1 3 5
1769 0 1 0 1 1 2 3
1744 0 0 0 0 0 0 1
1782 1 1 0 0 0 0 1
1777 1 1 1 0 0 1 2
1660 3 3 1 2 1 3 6
1677 1 1 1 1 1 1 3
1743 0 0 0 0 0 0 1
1757 0 1 1 2 1 2 4
1671 2 3 2 2 1 3 6
1683 3 3 2 2 1 4 7
1705 2 1 1 2 1 3 5
1661 0 0 0 1 0 1 2
1720 1 0 1 1 1 2 4
1657 2 2 1 2 1 3 6
1700 1 1 1 1 1 2 4
1741 2 2 2 2 1 3 6
1791 2 2 1 2 1 3 5
1760 1 0 0 1 1 2 3
1691 1 1 1 1 0 2 4
1681 2 1 1 1 1 1 3
1713 1 1 1 2 2 2 4
1796 0 1 1 1 1 2 4
1798 3 2 1 3 2 4 7
1721 2 2 1 2 1 3 5
1764 2 2 1 3 1 3 5
1805 3 2 2 3 2 3 6
1759 2 2 1 3 1 3 6
1737 2 1 1 2 1 3 5
1687 0 1 1 2 1 2 4
1793 1 2 1 2 1 2 4
1801 0 0 0 1 1 2 3
1719 4 4 1 2 0 3 6
1774 1 1 1 2 1 2 4
1789 2 2 1 2 3 3 5
1730 2 2 1 1 0 0 2
1735 0 1 1 1 1 1 3
1703 2 1 1 2 1 3 5
1694 2 2 2 3 1 3 6
1788 4 4 2 2 0 1 6
1723 1 0 0 0 1 1 2
1675 1 2 1 2 1 3 5
1656 2 3 2 1 1 2 5
1783 1 1 1 2 1 2 4
1658 3 3 2 2 1 3 6
1740 2 2 1 2 2 3 5
1668 2 3 1 3 1 3 5
1785 2 2 2 3 1 3 5
1666 2 2 1 2 2 3 6
1786 2 2 2 2 2 3 5
1690 1 1 0 1 1 1 3
1682 2 2 1 3 1 3 5
1736 1 1 1 2 1 2 4
1678 3 3 2 3 1 3 6
1731 3 3 1 1 0 1 3
1701 1 2 1 1 1 1 4
1797 2 1 1 1 2 1 3
1715 0 0 0 1 1 2 4
1696 0 1 0 1 1 1 3
1689 1 0 0 2 0 1 3
1771 2 1 1 1 1 2 4
1693 1 3 3 3 1 3 6
1659 1 1 2 3 2 3 5
1699 3 4 2 3 1 3 7
1717 0 0 2 2 1 2 4
1755 1 1 0 1 1 1 3
1669 1 0 0 1 1 1 3
1712 1 1 2 2 1 3 5
1754 3 2 2 1 2 2 5
1662 2 2 2 3 1 3 6
1751 2 3 1 3 1 3 6
1758 0 0 0 1 0 1 2
1792 2 2 1 2 1 3 5
1749 3 3 1 3 2 3 6
1750 1 0 0 2 0 2 3
1763 2 3 1 3 1 4 6
1794 2 2 1 2 1 3 5
1756 2 2 1 2 1 3 5
1725 2 2 1 2 1 3 5
