1946 3 2 1 3 1 3 6
1924 3 3 1 3 1 4 7
1818 3 3 1 3 1 3 6
1862 1 1 1 2 1 2 4
1925 0 0 0 2 1 1 3
1858 1 1 1 1 0 1 3
1834 0 0 0 1 1 1 2
1885 2 1 1 2 1 2 4
1887 2 1 1 2 1 2 5
1926 1 1 1 2 1 2 4
1906 3 3 2 2 1 3 7
1930 1 1 1 2 0 2 4
1812 1 1 1 1 0 1 3
1897 1 2 2 2 2 3 5
1949 3 3 1 3 1 4 6
1851 4 4 3 3 2 2 7
1871 1 1 1 2 1 2 4
1935 2 2 1 2 1 3 5
1869 2 2 2 2 1 3 5
1864 0 0 0 1 0 1 2
1816 3 3 1 2 2 2 5
1951 0 0 0 2 1 2 4
1875 1 2 1 2 1 2 4
1852 2 3 2 2 1 3 5
1910 1 1 1 1 1 1 3
1836 1 2 1 2 1 3 5
1939 2 2 1 2 1 2 4
1911 3 4 2 3 2 4 7
1896 1 1 1 2 1 2 4
1888 3 3 1 3 1 4 7
1817 0 1 0 1 1 1 2
1872 3 4 2 3 1 4 7
1873 0 0 0 0 0 0 1
1917 3 3 1 3 2 4 7
1907 2 2 1 1 1 2 4
1928 2 3 2 2 2 3 6
1814 4 3 3 3 1 4 8
1806 2 2 1 2 1 3 5
1878 3 3 1 2 2 3 6
1807 2 2 1 1 1 2 4
1938 1 1 1 2 1 2 4
1942 1 1 1 2 1 2 4
1919 3 3 2 2 2 2 5
1865 1 2 1 1 1 1 3
1934 2 2 1 2 1 3 5
1827 1 0 1 1 1 1 3
1936 3 3 2 3 2 4 7
1920 1 0 0 1 1 1 3
1821 1 1 1 1 2 2 4
1838 3 3 1 3 1 4 7
1918 1 1 1 2 1 2 4
1815 0 0 0 1 1 1 2
1825 1 1 2 2 1 2 4
1856 3 3 2 2 1 3 6
1833 3 3 2 2 2 3 5
1840 3 3 1 3 1 3 6
1940 1 1 1 1 0 1 3
1943 1 1 1 1 0 1 3
1829 2 2 1 1 1 1 3
1902 0 0 1 1 1 2 3
1923 2 2 2 2 2 3 5
1824 3 3 2 3 1 3 6
1881 1 2 1 2 1 3 5
1811 3 3 2 3 1 4 6
1892 0 1 2 1 1 2 3
1914 2 2 1 2 1 3 6
1848 3 3 1 3 2 3 6
1947 4 4 2 3 2 4 7
1916 0 1 1 1 1 1 3
1883 0 0 0 1 1 1 2
1835 3 4 2 2 1 3 6
1855 1 1 1 1 0 1 3
1905 1 1 1 1 0 1 3
1903 1 1 1 1 1 2 4
1954 3 3 1 3 1 4 6
1822 3 2 2 2 2 2 5
1846 2 1 1 2 2 3 5
1953 2 2 2 2 1 3 5
1921 1 1 1 1 1 2 3
1931 0 1 1 1 1 1 3
1860 0 1 0 1 1 1 2
1900 0 0 0 0 0 0 1
1831 2 3 2 2 2 3 6
1868 0 1 1 1 1 2 3
1845 2 3 2 2 3 3 5
1894 3 3 3 3 1 4 6
1820 0 0 1 1 0 1 2
1874 2 3 2 3 2 1 4
1932 4 4 3 3 1 3 7
1941 1 1 1 1 0 2 3
1915 2 3 1 2 2 3 6
1866 1 1 2 1 1 2 3
1839 2 3 2 2 1 2 5
1908 2 2 1 2 1 3 5
1886 3 3 1 3 2 3 6
1808 0 0 0 1 0 1 2
1849 1 1 1 2 1 2 4
1842 0 0 0 1 0 1 2
1819 1 0 1 1 0 1 2
1844 0 1 0 1 1 1 2
1810 0 2 1 1 1 1 3
1955 1 1 1 2 1 3 5
1880 0 1 1 1 1 1 3
1879 1 2 1 2 1 2 4
1867 3 3 1 3 1 4 6
1950 0 0 0 0 0 0 1
1929 0 1 0 0 0 0 1
1912 1 1 1 2 1 2 4
1830 3 4 3 3 1 4 7
1913 2 2 1 2 1 2 5
1850 1 1 2 1 1 1 3
1893 3 4 3 3 2 3 7
1952 3 3 2 3 1 3 5
1863 0 0 0 1 0 1 2
1890 1 2 1 2 1 2 4
1901 3 2 1 3 1 4 6
1927 1 1 1 1 1 1 3
1847 0 0 0 2 0 2 4
1861 1 2 1 2 1 2 4
1909 2 2 1 2 2 3 5
1922 3 3 2 3 3 4 7
1948 2 2 2 2 1 3 5
1898 1 1 1 2 1 2 4
1882 2 3 2 2 1 2 5
1859 2 2 2 2 1 2 4
1841 0 0 0 2 0 2 4
1895 0 0 0 2 0 2 4
1813 3 4 3 2 2 3 6
1884 2 1 1 2 1 3 5
1826 3 3 2 2 1 3 6
1853 4 3 1 3 1 4 7
1870 3 3 2 2 1 3 6
1857 0 0 1 0 0 0 1
1823 0 2 2 1 0 0 2
1937 0 0 0 0 0 0 1
1933 3 3 2 3 2 4 6
1828 0 0 0 2 0 2 3
1904 1 1 1 1 1 2 3
1876 0 0 1 1 1 1 2
1809 2 0 1 1 1 1 3
1899 3 3 1 3 1 4 6
1837 2 2 1 2 1 3 5
1889 1 1 1 1 1 2 3
1945 2 2 1 2 2 3 5
1891 0 0 0 1 0 1 2
1877 1 1 1 2 1 3 4
1832 1 1 1 1 0 1 2
1944 2 2 1 3 1 3 5
1854 1 2 1 2 1 3 5
1843 3 3 2 2 1 1 4
