2076 1 1 1 1 1 1 3
1973 2 2 1 2 1 1 4
1963 2 2 1 2 1 2 5
1981 3 1 1 2 1 4 6
1966 2 3 2 2 2 3 6
2006 2 1 1 2 1 2 5
2022 3 2 1 3 1 3 6
1957 2 1 1 2 2 3 5
2097 0 0 0 1 0 0 1
2031 3 3 2 3 2 3 6
2082 3 2 1 2 1 3 6
2004 1 1 1 2 1 2 4
2029 1 1 1 2 1 2 4
2098 1 1 1 2 1 2 4
2065 1 1 1 2 1 2 4
2001 1 1 1 1 1 1 4
2009 4 3 2 3 2 4 8
2070 2 2 1 2 2 3 5
2020 1 1 0 2 1 1 3
2025 3 2 1 3 1 4 6
1990 4 3 3 3 1 4 8
2052 2 2 1 2 2 3 5
1970 2 1 1 2 1 2 4
1971 2 2 1 2 1 1 3
2104 2 2 2 1 1 2 4
2054 3 1 1 3 2 4 7
2040 0 1 1 3 1 2 4
1974 4 3 3 3 2 4 8
1978 1 1 1 2 1 2 4
1993 2 1 1 3 1 3 5
2049 3 2 2 4 3 4 7
2080 3 2 1 2 1 3 5
2019 0 0 0 0 0 0 0
2007 0 1 1 1 0 0 2
1956 2 2 1 1 1 1 3
1968 3 1 1 3 1 4 6
1998 0 1 1 0 0 0 1
2014 2 2 1 2 1 2 5
2091 3 3 2 2 1 3 6
2106 1 1 0 1 1 1 3
1975 3 2 1 3 1 3 6
2005 2 2 2 2 2 3 5
2043 2 0 1 2 1 2 4
2058 2 2 2 2 1 3 5
2012 2 1 1 2 1 3 5
2023 1 0 1 2 0 1 3
2032 2 2 3 3 2 3 5
1983 2 2 1 3 2 3 5
1996 3 3 2 2 1 4 7
2081 4 3 1 3 1 4 7
2105 3 3 3 3 3 4 7
1995 2 2 1 2 1 3 5
1964 2 3 2 2 1 4 6
2074 3 2 1 2 1 3 5
2053 2 3 1 2 1 3 5
1988 3 2 2 2 2 4 7
2069 1 1 1 2 1 2 4
2072 2 2 1 2 1 3 5
1997 1 2 1 1 1 1 3
1979 0 1 0 1 1 1 2
2024 0 0 0 0 0 0 1
2083 2 2 1 2 1 3 5
2038 1 1 1 2 1 2 4
2086 2 2 1 2 3 3 6
2079 1 1 1 1 1 1 3
2018 4 3 3 3 1 4 8
1985 2 2 1 2 1 2 4
2061 2 2 2 2 2 3 5
2090 4 3 2 3 2 4 8
2089 0 1 0 1 1 1 2
2008 2 2 1 2 1 2 4
2100 3 2 2 2 2 3 6
1980 1 1 1 1 1 1 3
2041 1 1 1 2 1 2 4
2036 2 1 1 2 1 2 4
2095 0 0 0 1 0 1 2
2077 3 2 1 3 3 4 7
2055 0 0 0 0 0 0 1
1992 1 1 1 2 1 2 4
2033 1 2 2 3 2 3 5
2102 0 0 1 1 0 0 2
1969 0 0 0 1 0 0 1
2021 1 1 1 3 1 2 4
2103 2 2 2 3 2 3 5
2047 1 0 1 1 1 1 2
2059 1 1 1 2 1 2 4
2087 2 2 1 2 1 2 4
1982 3 2 3 3 1 4 6
2030 2 1 1 2 1 2 4
2088 3 3 1 2 1 3 6
2044 2 2 2 2 3 3 5
2050 3 3 1 3 1 3 6
1962 3 2 1 2 1 3 5
1977 3 3 2 3 2 4 7
2078 3 3 3 3 2 4 7
1986 1 1 1 1 1 1 3
1999 1 1 1 2 1 2 3
2013 2 2 1 2 1 3 5
2099 3 3 1 3 2 4 7
1984 0 0 0 1 1 0 2
2075 0 0 1 0 0 0 1
2071 0 0 0 0 0 0 0
1958 3 2 1 3 2 4 7
2056 1 2 2 2 1 2 4
2026 1 2 1 2 1 2 4
2093 1 1 1 1 1 2 4
2000 1 1 1 1 1 1 3
2037 1 1 1 2 1 2 4
2057 0 0 0 3 1 2 4
2011 1 2 1 2 1 2 4
2003 2 2 1 2 1 3 5
2060 1 1 1 1 1 1 3
1965 1 1 1 2 1 2 3
2101 3 1 2 3 3 4 7
1991 3 3 1 3 1 4 6
2045 2 2 2 2 1 3 5
2017 2 1 1 2 1 3 5
1994 2 2 1 1 1 1 3
2042 2 2 1 2 1 3 5
2085 1 1 1 1 1 1 3
1972 0 0 0 1 0 0 1
1989 0 0 0 1 1 0 2
1976 2 2 1 2 1 3 5
2063 0 0 1 3 1 2 4
2039 0 0 0 0 0 0 1
2064 3 2 1 3 1 3 6
2015 0 0 1 3 1 2 4
2062 2 2 2 2 1 2 4
1967 3 3 2 2 2 3 6
2010 1 1 2 2 1 3 5
2046 0 0 0 2 1 1 2
2073 2 2 2 2 1 3 5
2048 2 2 1 1 1 1 3
2092 3 3 2 3 2 4 6
1959 1 1 0 1 1 1 3
2068 1 1 2 2 1 2 4
1961 1 1 1 2 1 2 4
2094 1 0 1 1 0 1 3
2027 2 1 2 2 1 2 4
2066 1 1 2 2 1 2 4
2035 0 0 1 1 1 1 2
2051 2 2 1 2 1 3 5
2084 3 3 1 3 1 4 6
1960 2 2 2 1 1 2 4
2067 1 1 1 1 1 1 3
2034 0 0 0 0 0 0 1
2028 2 3 2 2 1 3 5
1987 1 1 1 2 1 2 4
2002 3 3 2 3 1 4 7
2096 2 2 1 2 1 3 5
