2202 0 0 1 3 1 2 4
2184 2 1 1 3 1 2 5
2243 0 0 1 2 1 1 3
2237 1 1 0 2 1 1 3
2127 2 2 1 3 2 3 5
2231 2 0 1 2 2 3 5
2230 3 1 1 3 1 3 6
2144 3 3 2 3 1 4 7
2219 4 3 4 2 1 3 8
2174 3 1 1 4 2 4 8
2216 2 1 1 3 1 2 5
2122 2 3 3 3 1 3 6
2139 1 0 1 2 1 2 4
2247 0 0 0 1 0 0 2
2124 1 0 0 1 1 1 3
2132 2 2 2 2 1 3 5
2123 3 1 2 3 3 3 7
2205 4 4 4 3 2 4 9
2120 3 2 1 2 2 2 5
2138 1 1 1 0 0 0 1
2238 0 2 1 1 0 1 3
2200 2 2 2 2 2 3 6
2248 2 2 1 3 2 3 6
2233 0 0 0 1 0 0 2
2197 3 2 1 3 3 3 6
2178 3 4 3 2 1 2 6
2253 4 4 3 2 2 3 7
2170 1 3 1 1 0 1 3
2196 1 1 1 2 1 2 4
2113 1 1 1 3 0 2 4
2194 4 3 2 2 1 3 6
2211 2 1 1 2 2 3 5
2169 3 4 3 3 3 4 8
2110 1 0 0 1 1 2 4
2179 3 2 1 3 2 3 6
2131 1 1 2 2 1 3 5
2182 0 0 0 3 0 2 4
2185 2 2 1 3 2 3 5
2212 1 1 1 1 1 1 3
2112 2 1 1 3 1 3 5
2183 2 1 1 3 1 3 5
2165 1 2 1 2 1 2 4
2218 1 0 1 1 1 2 3
2254 3 2 1 3 1 3 6
2118 3 1 1 3 3 4 7
2166 2 1 1 2 1 2 4
2172 2 1 2 3 1 3 5
2147 1 1 1 2 1 2 3
2210 2 1 0 1 1 1 3
2223 2 1 1 2 1 2 4
2251 3 2 2 3 1 3 6
2177 3 3 2 3 2 3 6
2153 3 2 1 3 2 3 6
2150 4 3 1 3 1 3 7
2114 3 4 3 3 2 4 7
2160 4 4 2 3 1 4 8
2204 2 3 2 1 1 2 5
2135 1 0 2 2 1 3 5
2249 2 1 1 2 1 2 5
2198 2 1 1 3 1 2 4
2214 3 4 3 2 1 4 7
2239 1 1 1 2 1 2 4
2143 2 2 1 3 2 4 6
2190 0 2 1 1 1 1 3
2186 1 1 2 2 1 3 5
2117 1 0 0 1 0 1 2
2206 2 1 1 3 1 3 5
2175 3 3 1 3 1 3 6
2188 0 0 0 3 0 1 2
2146 3 2 2 2 1 3 6
2242 3 3 2 3 1 3 6
2171 2 2 2 3 2 3 6
2128 0 0 1 0 0 0 1
2168 2 1 1 2 1 2 4
2245 3 3 2 3 1 3 6
2217 1 3 2 2 2 3 5
2207 3 1 1 3 2 4 7
2244 3 2 1 2 2 3 6
2226 0 1 1 3 1 3 5
2142 0 0 0 2 0 1 2
2130 2 2 2 3 2 3 5
2225 2 3 2 1 2 2 5
2111 1 0 0 1 1 2 3
2126 2 2 1 3 1 3 5
2180 2 3 2 2 1 2 5
2140 2 2 2 2 1 3 5
2108 2 2 1 3 1 3 5
2154 2 1 1 2 2 2 4
2155 2 2 2 2 2 3 5
2109 4 4 3 3 1 4 8
2151 2 2 1 3 1 3 5
2252 1 0 0 2 0 1 3
2176 2 2 1 2 1 2 4
2222 3 3 3 3 1 3 6
2224 0 1 1 2 1 1 3
2107 3 2 1 2 2 3 5
2161 2 1 1 3 1 2 5
2215 2 1 1 3 1 2 4
2203 2 2 1 2 1 3 4
2229 3 3 2 3 1 3 6
2116 2 2 1 3 1 3 6
2235 3 3 2 2 2 3 6
2136 3 1 1 3 3 4 7
2156 0 1 1 3 1 2 4
2234 3 3 3 3 1 3 7
2158 3 2 2 2 1 3 6
2141 4 3 3 3 1 3 7
2193 1 2 2 2 1 2 4
2149 1 1 1 3 1 3 5
2195 3 1 1 3 2 4 7
2187 2 2 1 2 1 2 5
2213 2 2 1 2 1 2 4
2191 2 1 1 3 1 3 5
2121 2 1 1 3 1 3 5
2134 4 3 3 3 2 4 8
2145 0 0 0 0 0 0 1
2167 2 2 2 2 1 2 5
2163 2 3 3 2 1 3 6
2115 0 0 0 2 0 0 1
2133 2 3 1 2 1 2 5
2255 0 0 0 3 0 1 2
2159 3 2 1 3 1 2 5
2209 3 3 3 3 1 4 7
2189 3 3 2 3 2 3 6
2137 2 0 1 2 1 3 5
2240 2 1 1 3 1 3 5
2208 2 2 1 3 1 3 5
2228 3 2 1 3 1 3 5
2241 0 0 0 3 0 2 4
2201 1 0 1 2 2 3 5
2221 2 2 3 2 1 3 5
2129 1 1 1 2 1 2 4
2148 3 4 3 3 2 4 8
2257 3 2 2 3 2 4 7
2173 2 1 1 3 1 3 5
2125 2 2 1 3 1 2 5
2220 4 3 1 2 1 2 6
2192 3 3 2 3 1 3 6
2250 0 0 0 3 0 3 4
2232 2 2 1 3 1 3 5
2181 1 2 1 3 2 3 5
2164 0 0 0 3 0 1 2
2162 2 2 2 2 2 3 5
2236 2 1 2 2 2 3 5
2119 2 1 2 3 1 3 5
2227 1 3 3 1 0 2 4
2199 3 3 3 3 1 3 6
2246 2 1 1 2 1 2 4
2157 0 1 1 1 1 1 3
2256 3 1 1 3 2 4 7
