2321 3 4 3 3 1 3 7
2297 1 1 0 1 1 1 3
2381 2 1 1 2 1 2 5
2379 1 1 1 1 1 2 4
2385 3 2 2 2 1 3 6
2305 1 1 1 1 1 1 3
2353 2 1 1 2 1 3 5
2274 1 1 1 1 1 2 4
2352 2 2 2 2 2 2 5
2393 1 1 1 2 2 1 3
2289 3 2 2 3 3 3 6
2392 2 2 1 3 2 3 5
2326 2 1 1 2 2 2 5
2299 2 2 1 3 3 3 5
2294 0 0 0 1 0 0 2
2258 2 1 1 1 2 2 5
2337 3 3 2 2 1 3 6
2335 3 2 3 2 1 3 6
2327 0 0 1 3 1 2 3
2317 3 2 2 2 2 3 6
2268 4 4 2 3 2 4 9
2368 0 0 0 3 1 3 4
2311 1 1 3 2 1 2 5
2342 2 2 2 2 3 2 5
2359 0 0 0 3 1 1 3
2391 2 1 1 2 1 2 5
2380 2 1 1 2 1 3 5
2387 2 2 1 2 2 2 5
2362 1 1 1 2 1 2 4
2292 2 2 3 2 2 2 5
2390 2 1 1 2 2 2 5
2407 2 0 0 1 1 1 3
2296 2 2 1 2 1 2 5
2264 1 1 1 1 1 2 4
2371 0 0 1 3 1 2 4
2382 2 1 2 2 1 3 5
2307 1 1 1 2 1 2 4
2343 1 1 1 2 1 2 4
2310 2 2 1 3 2 3 6
2383 1 2 1 2 2 2 5
2394 1 0 0 1 1 1 3
2396 0 1 1 2 1 2 4
2316 3 1 1 2 3 3 6
2322 3 4 3 2 1 4 7
2384 0 0 0 2 0 1 3
2401 1 0 1 1 1 1 3
2388 3 3 1 2 1 3 6
2273 2 2 1 2 2 3 5
2376 2 2 1 3 3 3 5
2331 3 3 3 3 3 3 6
2295 1 2 1 2 1 2 4
2324 3 3 2 2 2 3 6
2375 3 3 1 2 1 3 6
2270 1 1 1 2 2 2 4
2313 1 1 1 1 1 1 3
2360 1 0 0 1 1 1 3
2269 3 3 3 2 2 3 6
2348 3 2 1 2 1 3 5
2318 1 1 2 2 1 2 4
2347 1 2 1 1 1 1 3
2344 1 2 1 2 1 2 4
2333 3 4 3 2 2 4 8
2329 3 3 3 1 1 2 5
2370 2 2 1 3 2 3 5
2345 2 2 2 2 2 3 5
2293 1 1 1 1 1 2 4
2358 0 0 0 0 0 0 1
2365 1 1 1 1 1 1 3
2315 0 0 1 2 1 1 3
2263 1 1 1 2 1 2 4
2402 1 1 1 1 1 1 3
2276 2 3 2 2 2 3 5
2298 1 1 1 2 1 1 3
2267 1 1 0 0 1 1 2
2349 4 4 2 2 1 3 7
2290 3 2 2 2 2 4 7
2363 2 2 1 2 1 2 4
2275 0 0 0 1 0 0 1
2367 0 1 0 0 0 0 2
2374 1 0 0 0 1 0 2
2336 3 3 2 3 2 4 7
2265 0 0 0 3 1 2 3
2277 0 1 0 0 0 0 2
2389 0 0 0 0 0 0 1
2325 2 2 1 2 2 2 4
2271 3 3 2 2 2 3 6
2282 2 2 3 3 2 3 6
2373 3 2 2 2 2 3 6
2369 1 1 2 2 1 2 4
2332 0 0 0 2 1 1 3
2403 2 2 1 1 1 1 3
2261 2 1 1 2 1 2 4
2280 1 1 0 2 1 1 3
2404 1 1 2 2 1 3 5
2398 3 3 2 2 1 3 6
2400 2 2 2 2 2 3 5
2287 3 3 2 3 3 4 7
2364 2 2 1 2 1 2 4
2303 0 0 0 3 1 2 3
2259 2 2 1 2 2 2 4
2338 2 1 1 2 1 2 4
2351 1 3 2 1 1 1 3
2314 0 1 1 2 2 1 3
2346 2 3 2 2 3 3 5
2377 3 1 1 3 2 4 7
2301 2 1 1 2 1 2 5
2281 1 1 2 2 1 2 4
2397 2 2 2 2 2 3 5
2386 0 0 0 3 1 2 3
2330 2 2 1 3 3 3 5
2405 2 2 1 1 1 2 4
2319 3 4 1 1 0 2 5
2266 1 1 1 1 1 2 3
2260 3 3 1 2 2 3 6
2285 2 2 1 2 1 2 5
2320 2 1 1 2 2 2 5
2355 1 1 1 1 1 2 4
2323 0 0 1 1 1 1 3
2283 0 1 1 1 1 1 3
2288 1 1 1 1 1 1 3
2378 1 1 1 1 1 2 4
2341 3 1 1 2 2 3 5
2300 2 3 3 2 1 3 6
2350 1 2 2 2 1 2 5
2361 0 0 0 0 0 0 1
2302 1 1 2 2 1 2 5
2262 2 1 1 2 2 2 4
2372 1 1 1 2 1 1 3
2272 2 1 1 2 2 3 5
2399 1 2 1 1 1 2 4
2357 3 2 3 2 2 2 5
2340 2 2 2 3 2 3 6
2284 1 1 1 0 0 1 3
2366 2 2 1 2 1 3 5
2406 1 1 1 1 1 1 3
2395 0 1 1 2 1 1 3
2286 3 3 2 2 3 4 7
2306 1 1 1 1 0 1 3
2339 2 3 2 1 1 3 6
2309 3 3 2 2 1 3 6
2304 3 3 2 1 1 1 4
2312 1 1 0 0 1 1 3
2334 1 0 0 1 1 1 2
2278 2 2 1 3 2 3 5
2308 1 1 1 1 1 1 3
2354 3 3 2 3 2 4 7
2328 1 1 1 1 1 1 3
2356 2 2 1 2 1 3 5
2279 2 1 1 2 1 2 4
2291 2 2 2 2 1 3 5
