2556 2 2 2 2 1 2 5
2554 1 1 1 1 1 1 3
2525 1 1 1 1 1 1 3
2535 2 2 1 2 1 2 5
2421 3 3 1 2 1 2 5
2448 2 2 2 2 1 2 5
2413 3 3 2 2 2 3 7
2471 1 1 1 2 1 1 3
2472 1 1 0 1 1 1 3
2474 0 0 0 1 0 0 2
2417 1 1 1 2 1 2 5
2550 3 2 1 3 2 4 7
2410 1 1 1 2 1 2 4
2505 1 1 1 2 1 2 4
2416 1 1 1 1 1 1 3
2546 2 1 1 2 2 3 5
2457 2 2 1 2 1 3 5
2521 0 0 0 1 0 1 2
2468 3 2 2 3 3 3 6
2495 3 3 1 2 1 3 7
2523 1 1 1 1 2 2 4
2537 3 2 1 3 1 4 6
2449 1 1 1 1 1 2 4
2516 0 0 0 1 0 0 2
2509 0 0 1 2 0 1 3
2511 0 1 1 1 1 1 3
2422 1 2 2 3 2 3 5
2524 3 2 1 2 2 3 6
2438 2 1 1 2 2 2 5
2553 2 3 1 2 2 3 6
2424 2 2 1 2 1 3 5
2427 2 2 1 2 1 2 5
2456 2 2 1 1 1 3 5
2517 1 0 0 1 1 2 4
2453 1 1 1 2 2 3 5
2518 0 1 1 0 0 1 2
2435 0 0 0 3 0 3 4
2467 4 4 1 3 1 4 8
2419 1 1 1 2 1 2 4
2441 1 3 2 1 1 2 5
2466 1 1 1 1 1 1 3
2429 2 2 1 2 1 3 5
2513 2 2 2 1 1 2 4
2465 2 2 1 2 1 2 5
2408 1 1 1 1 0 1 3
2528 2 2 2 2 1 3 5
2428 2 2 2 2 1 2 5
2476 3 2 1 2 1 2 5
2446 3 4 3 2 1 4 8
2503 3 2 1 3 2 4 7
2420 2 4 3 1 1 3 7
2489 1 1 1 2 1 2 4
2500 2 1 0 1 1 1 3
2502 2 3 2 1 0 1 4
2542 2 2 1 1 1 2 4
2434 3 2 1 3 1 3 6
2501 2 1 1 2 1 2 4
2547 3 3 2 2 1 3 6
2498 1 2 1 1 1 2 4
2492 1 1 1 1 1 2 4
2552 2 3 2 2 1 3 6
2541 2 1 1 2 1 3 5
2539 3 3 2 3 1 4 7
2479 2 2 2 2 1 3 5
2536 2 1 1 1 0 2 4
2487 2 2 2 2 2 3 5
2414 3 3 2 1 0 1 4
2515 1 0 1 1 1 1 3
2412 1 1 0 1 0 1 3
2411 1 0 1 1 0 2 3
2442 1 1 1 2 2 2 4
2461 1 1 1 1 1 2 3
2543 1 1 2 3 1 3 5
2415 1 1 0 1 1 2 3
2430 3 2 1 3 1 4 6
2483 0 0 0 3 0 3 4
2477 0 1 1 2 1 2 4
2540 1 1 2 2 1 2 4
2526 1 1 1 2 2 3 5
2473 1 1 1 1 1 2 4
2534 1 1 1 1 1 2 4
2527 2 2 2 2 1 3 5
2425 2 1 0 1 1 2 3
2491 2 3 1 2 1 3 6
2520 0 0 1 0 0 0 2
2506 2 2 1 2 1 3 5
2544 1 1 0 1 1 1 3
2464 1 2 0 0 1 1 3
2504 1 1 1 1 1 2 3
2481 2 1 1 3 1 3 5
2459 2 1 1 2 1 3 5
2486 3 4 3 2 1 4 8
2512 3 3 2 2 1 4 7
2431 1 2 1 1 1 2 4
2451 2 1 1 1 0 1 2
2497 1 1 1 1 1 2 4
2551 2 0 1 1 1 2 4
2469 0 0 0 1 0 0 2
2432 0 1 1 1 0 1 2
2478 1 1 1 1 1 2 4
2455 1 2 1 1 0 1 3
2460 1 1 2 2 3 3 5
2440 3 3 2 3 1 4 7
2555 3 3 1 3 1 4 6
2484 3 3 2 3 1 4 7
2443 1 1 1 1 1 2 3
2522 3 2 1 2 1 3 6
2490 2 2 1 2 1 2 5
2530 0 0 1 2 1 1 3
2439 2 2 2 2 1 2 5
2485 0 1 0 1 0 1 2
2538 3 1 1 3 1 4 7
2475 2 4 2 2 1 3 7
2433 3 2 1 2 1 3 5
2499 3 1 1 3 1 4 7
2409 2 1 1 2 1 2 4
2462 3 2 1 2 1 3 5
2496 3 4 3 2 1 3 7
2510 2 2 1 1 0 1 3
2514 1 3 2 2 2 3 6
2488 0 2 1 0 0 0 2
2529 4 3 2 3 1 4 8
2508 2 2 2 2 1 3 5
2426 1 1 1 1 1 2 3
2507 3 2 1 3 2 4 7
2533 0 0 0 0 0 0 0
2519 2 1 2 2 1 3 5
2463 2 2 2 2 1 3 5
2445 3 2 1 3 1 4 7
2454 1 1 1 1 1 2 4
2450 1 1 1 1 1 2 3
2470 2 1 1 1 1 1 3
2532 3 3 3 2 1 4 7
2452 1 1 1 0 0 1 2
2549 3 2 1 2 2 4 6
2418 2 3 3 3 2 4 7
2447 1 0 0 1 0 1 3
2444 2 1 1 2 1 3 5
2423 2 2 1 2 2 3 5
2531 1 1 1 2 0 1 3
2494 0 0 0 1 1 1 2
2557 1 1 1 1 0 1 3
2482 1 4 3 1 1 3 6
2548 1 2 1 2 2 3 5
2493 0 0 1 1 1 1 3
2436 2 2 2 2 3 3 5
2545 1 2 1 2 0 2 4
2437 2 2 1 2 2 3 5
2458 2 2 1 2 1 3 5
2480 3 2 1 3 2 4 6
