2594 3 2 1 3 2 2 6
2573 1 1 1 1 1 1 3
2577 1 1 2 2 1 2 5
2562 2 1 1 2 2 3 5
2673 1 2 2 2 2 2 5
2653 3 1 0 1 1 2 4
2696 3 3 1 1 1 3 6
2593 3 3 1 3 1 3 7
2656 1 0 0 0 1 1 3
2634 1 1 1 0 1 1 3
2566 2 2 1 3 1 3 5
2641 2 2 1 2 1 3 5
2651 1 0 1 1 1 2 4
2685 3 2 2 3 2 4 7
2668 3 4 1 3 1 4 8
2598 1 1 1 1 1 1 3
2587 1 0 0 1 0 1 2
2572 2 2 1 2 1 3 5
2657 1 1 1 2 1 2 4
2575 2 1 1 2 1 2 4
2664 2 2 1 3 1 3 5
2631 3 1 1 3 1 3 6
2604 2 2 3 2 2 3 5
2574 1 0 1 1 0 1 2
2608 2 3 1 1 1 2 4
2701 2 0 1 1 1 1 3
2632 2 1 1 2 1 2 4
2700 2 1 2 2 1 2 4
2611 0 0 1 1 0 1 2
2582 1 3 2 2 2 3 6
2623 2 2 1 2 2 3 5
2648 2 1 0 1 1 1 3
2649 0 1 1 3 1 1 3
2661 0 0 0 1 0 1 2
2654 2 2 2 2 1 3 5
2670 2 2 2 2 1 3 5
2580 1 2 1 1 1 2 4
2702 1 1 1 2 1 2 4
2707 3 2 1 3 2 2 5
2565 0 0 0 3 0 2 3
2665 2 0 1 3 3 3 6
2592 1 1 2 3 1 2 4
2603 1 1 2 2 0 1 3
2692 0 1 1 1 1 0 2
2650 1 2 2 2 1 2 4
2629 3 3 1 3 1 4 7
2616 2 2 3 2 1 2 5
2663 2 1 1 2 1 2 4
2624 2 2 1 2 1 3 5
2672 2 2 1 2 1 3 5
2683 2 1 1 3 3 3 6
2671 2 2 1 3 3 3 6
2693 1 2 1 2 2 2 4
2680 0 1 1 1 1 1 3
2633 1 2 1 2 1 2 4
2639 1 1 1 2 0 1 3
2682 2 2 2 3 2 3 6
2561 1 1 1 2 1 2 4
2686 4 4 3 3 1 4 8
2625 2 1 1 2 3 3 5
2659 2 1 1 2 2 2 4
2684 1 3 2 2 1 3 6
2642 2 2 1 2 1 3 5
2708 1 0 2 2 1 2 4
2602 2 1 2 2 1 1 4
2647 3 2 1 3 2 4 7
2666 3 3 2 3 3 3 6
2581 1 0 1 1 1 1 3
2579 2 1 1 2 1 2 5
2704 3 2 2 3 3 3 6
2640 2 2 1 3 2 3 5
2610 2 2 1 3 1 3 5
2688 0 2 2 1 1 2 4
2627 3 2 3 3 3 3 6
2591 2 1 1 2 1 2 4
2596 1 0 0 1 2 2 4
2569 2 0 1 2 2 3 5
2667 3 2 3 3 3 3 7
2645 2 2 1 3 1 3 5
2703 2 2 2 2 1 3 6
2564 2 2 1 2 1 2 4
2589 1 1 2 2 2 3 5
2570 1 0 2 3 1 3 5
2662 3 3 2 3 1 3 6
2601 2 2 2 3 2 3 6
2697 2 2 1 2 2 3 5
2571 2 2 2 3 2 3 5
2618 3 3 2 3 2 3 6
2695 0 0 1 1 1 1 3
2677 2 2 1 2 1 2 4
2586 0 0 0 0 0 0 1
2644 1 1 1 2 0 2 4
2558 1 1 1 1 1 2 4
2584 1 2 3 2 2 3 5
2637 2 1 1 3 2 4 6
2621 2 2 1 3 1 3 6
2605 2 1 1 2 1 2 4
2597 2 0 1 2 1 2 4
2612 2 3 2 2 1 3 6
2619 1 1 2 2 1 2 4
2583 1 1 1 2 1 2 4
2559 1 1 1 2 0 2 4
2560 3 2 3 3 1 3 6
2699 0 0 0 1 1 0 2
2568 2 4 3 2 1 3 7
2617 3 1 1 3 1 3 5
2567 0 0 0 1 0 1 2
2607 0 1 2 2 1 2 4
2691 1 1 1 2 1 1 3
2646 2 3 2 2 2 3 5
2690 0 1 1 1 0 1 3
2614 3 1 1 1 1 2 4
2609 3 3 3 3 2 4 7
2599 3 3 2 3 1 3 6
2681 2 1 1 2 2 2 4
2669 1 0 1 2 2 2 4
2628 1 1 2 2 1 3 5
2563 1 1 1 1 1 1 3
2638 0 3 2 1 1 2 4
2678 3 3 2 3 1 4 7
2606 2 3 2 2 1 3 6
2694 2 1 1 2 1 2 4
2687 2 1 1 3 1 3 5
2622 0 0 0 1 0 0 1
2675 3 1 1 1 1 2 4
2635 1 1 1 1 1 1 3
2626 0 0 0 1 0 1 2
2578 1 1 1 2 0 2 3
2698 2 4 4 2 1 3 7
2588 2 1 2 2 1 3 5
2658 1 1 1 2 1 2 4
2705 0 0 0 3 0 2 3
2679 2 1 1 1 1 2 4
2630 1 0 0 1 1 2 4
2643 2 1 1 2 1 2 4
2595 2 3 3 2 1 3 6
2655 1 1 1 1 0 1 3
2660 2 2 2 2 1 2 4
2620 2 2 1 3 1 3 5
2674 2 2 1 2 1 2 5
2706 1 1 1 2 0 1 3
2585 1 1 1 1 1 1 3
2600 2 1 1 2 1 2 4
2676 2 1 1 2 2 3 5
2615 2 1 2 2 2 3 5
2652 2 2 2 2 1 3 5
2576 2 1 1 2 1 3 5
2636 0 0 1 2 1 1 3
2613 2 1 1 2 2 2 4
2689 0 0 0 0 0 0 1
