2771 0 0 1 3 1 2 4
2847 3 3 3 3 2 4 8
2761 1 1 1 1 1 2 4
2763 1 1 1 2 1 2 4
2780 3 2 2 2 2 4 7
2713 3 2 3 3 2 4 7
2740 2 1 1 1 1 2 4
2819 2 2 2 2 2 3 6
2751 1 2 3 2 2 3 6
2792 2 2 1 3 2 3 6
2784 2 1 1 2 1 3 6
2787 3 3 2 2 2 4 7
2796 1 1 1 1 1 2 4
2767 1 1 1 1 1 2 4
2782 3 2 1 3 2 4 7
2818 0 0 1 3 1 2 4
2803 1 2 1 2 1 2 4
2711 3 2 2 3 2 4 7
2726 0 1 1 0 0 1 2
2717 3 2 1 3 2 4 7
2772 0 0 1 2 1 2 3
2797 1 1 1 2 1 2 3
2756 2 2 1 2 2 3 5
2747 3 2 1 2 2 4 6
2757 1 1 1 2 1 2 4
2724 2 2 1 2 1 3 5
2845 1 1 2 2 1 3 5
2820 3 3 3 2 1 3 7
2712 1 2 2 2 1 2 5
2843 2 2 2 2 2 3 6
2730 0 0 1 3 1 3 4
2841 1 1 1 1 1 2 3
2716 2 2 2 2 2 3 6
2853 2 2 1 2 2 3 6
2769 2 2 2 2 1 3 5
2753 2 3 3 3 2 3 7
2833 2 2 2 3 3 3 6
2815 2 2 2 1 1 2 5
2742 1 2 2 1 1 2 5
2823 2 1 1 2 1 3 4
2781 0 2 1 1 1 1 3
2809 1 1 1 2 2 2 4
2850 1 0 1 1 1 2 3
2836 2 1 2 2 1 3 5
2829 1 1 1 2 2 2 4
2722 1 1 1 2 1 2 4
2846 2 2 1 2 2 3 5
2723 2 2 1 2 1 3 5
2806 1 1 1 2 1 2 4
2798 2 2 1 2 1 2 5
2760 1 1 2 2 1 2 4
2764 2 1 1 2 2 3 5
2734 3 2 1 3 2 4 7
2725 2 2 2 2 2 3 6
2802 2 1 0 1 1 2 3
2777 2 2 2 2 1 3 5
2855 1 2 1 1 1 2 4
2814 1 1 1 2 1 2 4
2856 3 2 2 2 2 4 7
2825 3 3 2 3 2 4 7
2795 1 1 1 2 1 2 4
2718 2 1 1 2 1 3 5
2776 2 2 1 2 2 4 6
2791 0 1 1 1 1 2 3
2759 0 1 2 1 1 1 3
2812 1 1 0 1 1 2 3
2835 2 2 1 2 2 3 6
2709 1 2 1 1 1 2 4
2816 2 1 1 2 2 3 5
2827 2 1 1 2 1 2 4
2762 2 1 0 1 1 2 3
2719 2 2 1 2 1 3 5
2807 1 2 2 2 1 2 4
2857 1 1 1 1 1 2 3
2851 2 2 2 2 2 3 5
2858 3 2 1 2 2 4 6
2789 2 1 1 2 2 3 6
2794 3 2 1 2 1 3 6
2738 3 3 2 2 2 4 7
2710 2 2 1 2 3 3 6
2736 2 1 1 2 2 3 5
2758 3 2 1 3 3 4 7
2844 1 1 1 1 1 2 3
2838 2 2 2 1 1 2 5
2804 3 2 2 3 1 3 6
2839 2 2 1 2 2 3 5
2754 1 1 1 2 1 2 4
2822 3 2 1 2 1 3 6
2765 1 1 1 2 1 2 4
2800 1 1 2 2 1 3 5
2755 2 2 1 2 1 3 5
2786 3 2 1 3 2 4 7
2745 3 2 1 3 2 4 7
2752 1 1 1 1 1 1 3
2785 3 3 3 3 2 4 8
2790 4 4 3 1 1 3 7
2837 3 3 2 2 2 4 7
2854 2 2 1 2 2 3 5
2813 1 1 1 2 2 2 4
2729 3 3 2 2 2 4 7
2805 1 1 2 2 1 3 5
2733 3 3 3 3 2 4 8
2821 0 2 1 1 1 1 3
2799 3 2 2 2 2 4 6
2773 1 1 1 2 2 3 5
2801 2 1 1 2 2 3 5
2830 0 1 1 0 0 1 2
2810 1 1 1 1 1 1 3
2824 3 2 2 3 2 4 6
2774 1 1 1 2 2 2 4
2831 1 1 2 1 1 1 3
2749 2 3 1 2 1 3 5
2727 3 3 1 2 1 3 6
2750 3 3 1 2 2 3 6
2746 3 2 1 2 2 3 6
2788 2 1 1 2 1 2 4
2741 1 2 1 2 1 2 4
2715 3 2 1 3 3 4 7
2808 3 3 3 3 2 4 8
2770 2 1 1 2 1 3 5
2834 2 2 2 2 1 3 5
2721 3 1 1 2 2 3 6
2828 2 2 2 2 2 3 6
2731 3 3 2 3 2 4 7
2783 0 1 1 1 1 1 2
2739 3 3 1 2 1 3 6
2714 2 2 1 2 2 3 5
2817 0 2 2 1 1 2 4
2732 2 2 2 2 2 3 5
2840 2 2 1 2 1 2 5
2728 0 1 1 2 1 2 3
2775 1 1 1 2 1 2 3
2735 1 2 1 1 1 1 3
2848 2 2 2 2 2 3 5
2826 1 1 1 1 1 2 3
2832 4 3 2 2 2 4 8
2744 1 1 1 2 1 2 4
2852 2 2 1 3 3 4 6
2779 1 2 1 1 1 2 4
2743 3 2 1 3 3 4 7
2748 2 2 2 2 1 3 5
2849 1 2 1 1 1 3 5
2737 1 2 1 1 1 2 4
2768 3 3 1 1 1 2 5
2793 0 0 1 3 1 2 4
2766 2 1 1 2 2 3 5
2811 2 2 1 2 3 3 6
2720 1 2 1 2 1 2 4
2778 4 4 2 3 3 4 9
2842 2 3 2 2 2 3 6
