2903 1 1 1 1 1 1 3
2957 0 0 0 1 0 0 2
2949 0 1 1 3 1 2 4
2861 2 2 3 3 1 3 5
2916 2 2 1 2 1 3 5
2865 0 2 1 3 2 3 5
2895 3 3 3 3 2 4 7
3007 0 0 1 2 1 1 3
2976 2 3 2 2 2 2 5
2869 2 3 1 1 1 2 4
2938 2 2 2 2 1 2 4
2859 1 1 1 2 1 2 4
2963 3 3 3 3 1 3 6
2947 2 3 2 2 1 2 5
2995 3 2 1 4 2 4 7
2886 1 1 2 3 2 2 5
2936 0 1 1 2 1 1 3
3004 1 1 1 1 1 1 3
2906 2 2 1 2 2 3 5
2987 1 1 1 2 1 2 4
2992 3 3 3 2 1 3 6
2989 2 2 2 3 2 3 6
2876 2 1 1 1 1 2 4
2896 2 2 1 2 1 3 5
2959 1 1 1 2 1 2 4
2971 2 1 1 2 1 3 5
2899 1 1 1 1 2 1 3
2998 3 3 3 3 3 4 7
3008 0 1 1 3 1 3 5
2907 2 1 1 2 2 3 5
2893 1 1 1 2 1 2 4
2958 1 1 2 2 3 2 4
2911 2 2 1 2 1 2 5
2979 0 1 1 3 1 2 4
2905 0 1 2 2 1 1 3
2975 3 3 2 2 1 3 6
2922 0 0 1 2 0 1 3
2964 0 1 1 3 1 2 4
2991 2 2 1 2 1 3 5
2879 2 3 3 2 2 3 6
2939 0 1 1 3 1 3 5
2882 2 2 2 2 2 3 6
2925 1 0 0 1 1 1 3
2999 1 1 1 2 1 2 4
2863 2 2 1 2 1 2 4
3003 0 1 1 3 1 3 5
3000 1 1 1 1 1 1 3
2923 1 1 0 2 1 1 3
2974 1 1 1 2 1 2 4
2951 2 2 2 2 2 3 6
2929 1 1 2 3 2 2 5
2943 3 3 2 3 1 4 7
2961 0 0 1 2 1 1 3
2953 1 2 2 2 2 3 5
3005 3 3 3 2 1 3 6
2993 3 2 2 3 1 2 5
2915 3 3 3 3 2 4 7
2868 0 1 1 3 1 3 5
2946 2 2 2 3 1 3 6
2973 2 2 2 2 1 3 5
2920 2 2 2 2 2 3 5
2884 2 2 2 2 1 3 6
2880 2 1 1 2 2 2 4
2935 1 1 1 2 1 2 4
2948 2 2 2 2 1 3 6
2897 0 0 1 1 1 1 3
2921 2 1 1 2 1 1 3
2965 1 2 2 1 1 1 3
2889 1 1 1 1 1 1 3
2937 1 0 0 2 1 2 4
2917 2 2 2 2 2 2 5
2912 1 1 1 2 1 2 4
2883 1 1 1 2 1 2 4
2914 2 2 1 2 1 2 4
2887 3 3 2 3 1 4 7
2904 0 1 1 3 1 3 5
2875 2 1 1 2 2 3 5
2997 4 4 3 3 1 4 9
2918 1 3 3 2 1 3 6
2919 0 0 0 1 1 0 2
2860 2 2 2 2 2 3 5
2970 2 2 2 1 1 2 4
2878 2 3 3 2 1 3 6
2931 2 2 1 2 1 3 5
2933 3 3 3 2 1 3 6
2902 1 1 1 2 2 2 4
2952 3 3 3 1 1 1 3
2890 2 1 0 2 2 3 5
2888 1 1 1 2 1 2 4
2942 1 1 1 2 1 1 3
2926 2 1 1 2 1 2 4
2978 3 1 2 3 2 4 6
2934 2 2 1 2 1 3 5
2981 0 1 1 3 1 2 4
2927 2 2 2 2 1 2 4
2988 1 0 0 1 1 1 3
2867 3 4 4 3 3 2 7
2909 0 0 0 0 0 0 1
2940 1 2 2 2 2 2 5
2932 3 3 1 3 1 4 6
2982 0 0 0 2 0 1 2
2941 2 1 1 2 1 2 4
2977 0 1 1 3 1 3 5
2955 2 2 1 2 1 3 5
2944 2 2 1 2 1 2 5
2871 1 2 1 2 2 2 4
2913 2 2 2 2 2 3 5
3001 3 4 3 2 1 4 7
2891 1 1 1 2 1 2 4
2885 3 3 3 3 3 3 6
2898 1 1 0 1 2 2 3
2924 2 2 1 2 1 2 4
2996 2 2 1 2 1 3 5
2972 0 1 1 3 1 3 5
2945 2 2 2 2 1 3 5
2881 3 3 2 2 2 3 6
2864 3 3 1 2 1 3 5
2960 2 2 2 2 2 3 5
2954 1 2 2 1 1 2 4
2862 1 1 1 2 2 2 4
2980 0 1 1 1 0 0 2
2984 4 4 3 3 1 3 8
2928 2 2 2 2 2 3 6
2892 1 1 1 2 1 2 4
2990 2 1 1 2 1 3 5
2956 3 3 2 3 2 4 8
2966 2 2 2 3 2 3 6
2877 2 1 1 2 1 3 5
2866 2 1 1 1 1 2 4
2983 3 3 2 2 2 2 5
2962 1 2 1 2 2 2 5
2950 2 2 1 2 2 3 5
2930 2 3 2 3 2 4 7
2908 3 3 3 3 2 4 7
3002 2 2 1 2 1 2 5
2872 1 1 1 2 1 2 4
2873 0 1 0 1 1 1 3
2900 1 2 2 2 2 3 5
2870 1 0 0 1 1 2 3
2986 2 2 2 2 2 3 5
2901 1 2 2 2 2 3 5
2894 1 1 1 1 1 2 3
2967 3 2 1 3 2 4 6
2910 3 3 3 2 2 4 7
2985 2 2 1 2 1 3 5
2969 2 2 1 2 1 3 5
2874 2 2 2 3 1 3 6
2994 0 1 0 1 1 1 3
2968 3 3 1 3 2 4 6
3006 3 2 1 2 1 2 4
