3064 0 0 0 3 1 2 4
3142 3 1 2 3 1 4 7
3135 1 2 0 1 0 1 3
3148 4 3 3 3 1 4 8
3111 2 3 2 2 1 3 6
3155 0 0 0 3 1 2 4
3139 2 1 1 3 1 2 4
3130 0 0 0 0 0 0 1
3094 1 1 1 1 2 1 3
3121 1 1 1 2 1 2 4
3062 2 1 1 2 1 2 5
3015 2 2 1 2 1 2 4
3058 2 1 2 2 1 3 5
3101 1 0 0 1 1 1 3
3129 2 2 1 2 1 3 5
3138 3 2 1 3 1 3 6
3037 2 3 2 2 1 3 6
3068 0 0 0 3 1 2 4
3069 2 2 1 3 1 3 5
3087 1 2 2 2 2 2 4
3099 2 2 1 2 1 3 5
3061 2 1 2 2 2 2 4
3137 2 3 2 3 2 3 6
3039 3 3 3 2 1 3 6
3079 3 3 3 3 2 4 8
3052 3 2 1 3 2 4 7
3134 2 2 1 3 2 3 6
3103 3 3 2 2 2 2 6
3048 2 2 2 3 3 3 6
3019 1 1 1 2 1 2 4
3116 4 3 2 2 1 3 7
3017 0 0 1 2 1 1 2
3051 3 2 2 3 2 4 6
3093 3 3 1 3 2 3 6
3014 3 2 2 3 1 3 6
3150 3 3 2 3 2 4 7
3126 2 3 2 3 2 4 6
3021 0 0 0 3 1 2 4
3133 2 1 1 2 1 2 4
3077 3 3 1 3 1 2 6
3016 1 3 3 2 1 3 6
3106 1 1 0 1 0 1 3
3024 2 1 1 2 1 2 4
3035 1 1 1 1 1 1 3
3060 2 1 1 3 1 3 5
3153 2 0 0 1 1 1 3
3115 2 2 1 2 1 3 5
3010 0 0 0 1 0 1 2
3119 2 1 2 2 2 2 5
3023 2 2 1 3 2 3 6
3026 1 1 2 2 1 2 4
3131 2 1 0 2 1 2 4
3055 2 2 2 2 2 3 5
3122 1 1 1 2 1 2 4
3009 3 2 2 2 1 2 5
3124 0 1 1 3 2 3 5
3132 1 0 1 2 2 2 4
3049 3 3 2 2 1 3 6
3043 0 0 1 2 1 1 3
3154 2 2 2 2 2 3 5
3144 1 1 1 2 1 2 4
3095 3 2 1 2 2 2 5
3059 3 2 2 3 1 4 6
3140 0 1 1 1 1 1 3
3092 2 2 2 3 1 3 5
3032 3 4 3 2 1 3 7
3123 3 2 1 2 1 2 5
3105 2 1 1 2 1 2 4
3075 4 4 3 3 1 4 8
3147 3 1 1 3 2 4 7
3072 1 1 1 1 0 1 3
3067 1 2 2 2 2 3 5
3012 1 1 3 2 2 2 5
3117 3 2 2 2 1 1 4
3046 3 4 3 3 2 3 7
3091 2 2 1 3 1 3 5
3109 1 1 1 1 2 1 3
3104 2 1 1 2 2 2 5
3159 3 4 3 2 2 3 7
3143 2 2 1 2 1 3 5
3156 1 1 0 1 1 1 3
3028 3 2 2 2 1 2 5
3011 2 1 1 2 1 2 4
3065 2 2 1 2 1 2 5
3027 2 2 1 2 2 2 4
3022 1 1 1 1 1 1 3
3018 3 1 1 3 1 3 5
3076 3 3 3 3 2 4 7
3073 3 3 2 2 1 3 6
3127 2 2 1 2 1 2 4
3025 4 4 3 3 1 4 9
3088 2 2 2 2 1 3 5
3053 1 1 1 2 1 2 4
3057 3 1 2 3 1 3 6
3100 1 1 1 2 2 2 4
3110 2 2 2 2 3 2 5
3089 3 2 1 3 1 3 6
3042 2 2 2 3 1 3 5
3149 2 3 2 2 1 2 6
3054 1 1 0 1 0 1 3
3113 3 3 3 3 1 3 7
3082 2 1 1 2 2 2 5
3033 0 0 1 2 1 1 3
3152 0 0 0 2 1 1 3
3146 4 3 3 3 1 3 7
3125 3 3 2 3 2 4 7
3074 2 1 1 2 1 2 4
3157 0 1 0 1 0 0 1
3097 0 0 1 2 1 1 3
3141 1 1 1 1 0 1 3
3108 1 1 1 2 1 2 4
3096 1 2 2 1 1 1 3
3085 1 2 3 2 1 2 4
3036 1 1 1 1 0 1 3
3118 2 2 1 3 1 3 5
3070 1 1 1 1 1 1 3
3090 1 1 0 1 1 1 3
3078 1 1 1 2 1 2 4
3145 0 0 1 1 1 1 3
3098 3 3 3 3 2 3 6
3050 2 2 1 2 1 3 5
3086 2 1 1 3 1 3 5
3040 2 1 1 2 3 3 5
3158 1 1 1 2 2 2 4
3047 1 1 1 2 1 2 4
3063 1 0 0 1 1 2 4
3029 3 2 1 3 1 3 6
3128 3 2 3 3 1 4 6
3102 3 2 1 2 1 3 5
3083 3 3 1 3 2 4 6
3081 3 3 3 3 1 4 7
3038 3 2 2 3 1 4 6
3107 2 2 1 2 1 3 5
3151 3 2 1 3 2 4 7
3080 2 2 3 3 1 3 6
3034 2 1 1 2 1 2 4
3120 3 3 2 3 2 3 6
3084 1 1 2 1 0 1 3
3031 2 1 1 2 1 3 5
3041 2 2 2 3 1 3 5
3044 1 1 0 1 1 1 2
3136 3 2 1 3 2 3 6
3114 3 1 2 2 1 3 6
3030 2 3 2 2 1 3 6
3071 1 1 1 2 1 2 4
3045 2 2 2 2 1 2 5
3066 1 2 2 2 2 2 5
3013 1 0 0 1 1 1 3
3020 2 2 2 3 2 3 5
3056 2 2 2 3 1 3 5
