3216 3 2 1 2 1 2 4
3191 1 2 2 1 1 2 4
3177 1 1 1 2 2 2 4
3180 3 2 2 2 1 2 5
3259 2 1 1 2 2 3 5
3221 1 1 0 1 0 1 2
3227 2 1 1 1 1 2 4
3293 3 2 1 3 2 4 7
3247 1 2 1 2 1 2 4
3203 4 2 3 2 2 3 7
3207 3 1 1 2 1 3 6
3170 2 2 1 2 2 3 5
3244 0 0 0 1 0 0 1
3160 1 1 1 1 1 2 4
3264 2 2 1 2 2 3 5
3210 2 1 1 2 2 3 5
3206 2 2 1 2 1 2 4
3166 0 1 1 1 1 2 4
3302 2 2 2 3 2 3 6
3199 2 1 1 2 1 2 4
3212 2 2 1 2 1 3 5
3215 0 0 1 2 1 1 3
3211 3 3 4 3 3 4 8
3220 3 2 1 3 2 3 6
3275 1 2 1 2 1 2 5
3279 2 2 2 2 2 3 5
3225 2 2 1 2 1 2 5
3278 2 2 1 2 2 3 6
3192 2 1 2 2 2 3 5
3174 2 1 2 2 2 3 5
3209 2 2 1 3 2 3 5
3189 1 2 1 2 2 2 4
3265 2 3 3 3 2 3 7
3251 2 1 1 2 1 3 4
3268 3 3 2 3 2 4 8
3305 2 1 1 1 2 2 4
3253 1 1 1 2 1 2 4
3258 3 2 1 3 2 3 6
3193 0 2 1 3 1 2 5
3171 3 1 1 3 2 4 7
3272 1 1 1 1 1 2 3
3226 3 3 1 3 2 4 7
3213 2 3 2 2 1 3 6
3184 3 2 2 2 2 3 6
3202 2 2 1 2 1 2 4
3287 1 1 1 1 1 1 2
3280 2 1 1 2 1 2 4
3274 2 1 1 2 1 3 5
3222 2 2 1 2 2 3 5
3190 4 3 2 3 2 4 8
3281 2 2 2 2 2 3 5
3187 2 1 1 1 1 2 4
3249 1 2 2 2 2 3 5
3284 3 3 2 3 2 3 7
3229 3 4 3 3 3 4 9
3304 1 1 1 2 1 2 3
3286 2 1 1 1 1 2 4
3257 2 3 2 3 2 3 7
3200 0 0 1 3 1 2 4
3271 4 4 3 4 3 4 9
3269 3 3 1 3 2 4 7
3300 1 1 1 2 1 2 4
3290 1 1 0 1 1 1 3
3288 2 3 2 2 2 3 6
3246 2 3 2 2 2 3 7
3238 2 2 2 2 1 2 5
3254 3 2 2 2 2 3 6
3172 2 1 1 2 1 3 4
3266 3 2 2 2 2 3 6
3179 1 1 1 1 1 1 3
3214 1 1 1 2 1 2 4
3289 1 1 0 1 1 1 2
3296 2 2 1 2 2 3 5
3205 2 2 1 3 2 3 5
3301 2 2 2 2 3 3 6
3168 0 1 0 0 0 1 1
3307 1 1 1 1 1 2 3
3277 2 1 2 2 2 3 5
3241 2 2 2 2 1 3 5
3260 2 1 2 2 1 2 4
3233 1 1 1 1 1 2 3
3250 2 2 1 2 1 2 4
3270 3 2 2 1 1 3 6
3252 2 2 2 2 2 3 6
3169 3 2 2 3 3 4 7
3291 2 2 1 2 1 2 4
3303 2 1 1 2 1 3 5
3298 3 1 2 3 2 3 6
3224 2 2 2 2 1 3 5
3165 1 2 1 2 1 2 4
3276 1 1 1 1 1 1 3
3162 2 3 1 2 2 3 6
3175 1 1 1 2 1 2 4
3196 2 2 1 2 2 3 5
3231 3 1 1 2 1 3 6
3185 1 0 0 1 0 1 2
3217 3 1 1 2 2 4 6
3198 1 2 1 1 1 2 4
3164 2 2 1 2 1 3 5
3188 2 1 1 1 1 2 4
3181 2 2 2 2 2 3 5
3306 0 1 1 2 1 2 4
3263 2 2 2 1 1 2 4
3242 1 1 1 1 1 1 3
3256 1 1 1 1 1 1 3
3309 4 4 3 4 2 4 9
3163 0 0 0 2 0 1 1
3299 2 1 1 2 1 3 5
3230 3 2 2 2 1 3 6
3234 2 2 2 2 1 2 5
3228 1 1 1 2 1 2 4
3219 1 1 2 2 2 3 5
3223 2 1 1 1 1 2 4
3240 1 1 1 1 1 2 3
3239 1 1 1 2 1 2 4
3248 1 2 1 2 1 2 4
3292 1 0 0 1 0 1 2
3295 1 1 0 1 1 1 3
3186 1 1 2 2 2 3 5
3297 2 2 1 2 1 3 5
3178 0 1 2 2 1 3 5
3308 2 1 2 2 1 3 5
3294 4 2 2 4 3 4 8
3167 3 1 1 2 1 4 6
3161 2 3 2 2 2 3 6
3176 0 0 1 1 1 1 2
3204 1 2 1 1 1 1 3
3283 1 1 1 2 1 3 4
3236 1 1 1 1 1 2 3
3182 2 1 1 2 1 3 5
3255 1 1 1 1 1 1 3
3285 1 2 1 2 1 2 4
3194 3 3 2 3 2 4 7
3195 0 2 1 3 1 3 5
3173 1 1 1 1 1 2 4
3261 1 1 1 2 1 2 4
3273 1 2 2 2 1 2 4
3232 4 3 3 3 3 4 8
3245 2 1 1 2 2 3 5
3235 1 2 1 2 2 2 4
3183 2 3 2 2 1 3 6
3267 0 0 1 1 1 1 3
3201 1 2 2 2 1 2 4
3197 3 2 2 3 2 3 6
3282 2 3 1 2 2 3 6
3237 2 3 2 3 2 3 6
3218 1 1 1 1 1 1 3
3208 1 2 1 2 1 2 4
3262 3 3 2 3 2 3 7
3243 2 2 1 1 1 2 4
