3423 2 3 2 3 2 3 6
3349 3 2 2 3 2 3 6
3446 2 1 1 2 1 2 4
3438 1 2 1 2 1 2 4
3387 3 1 1 2 1 3 6
3322 3 2 2 2 2 3 6
3346 2 2 2 2 2 3 6
3381 1 1 1 1 1 1 3
3418 1 2 1 1 1 2 4
3448 2 1 1 2 2 3 5
3422 3 3 2 3 2 3 6
3385 2 1 1 2 2 3 5
3359 2 1 1 1 1 2 3
3312 4 2 1 4 3 4 8
3316 0 1 1 0 0 1 2
3452 2 2 1 3 2 3 5
3332 4 2 1 3 2 4 8
3368 3 3 2 3 2 3 7
3334 3 3 1 3 2 3 6
3311 1 2 1 1 1 2 4
3453 0 1 1 1 0 1 2
3429 1 1 1 2 2 2 4
3455 3 1 1 3 2 4 6
3396 2 3 2 2 1 3 6
3340 1 1 1 2 1 2 4
3363 2 2 2 2 1 3 5
3376 0 0 1 2 1 2 3
3372 4 3 2 3 2 4 8
3434 2 2 1 3 2 3 5
3413 2 2 2 2 2 3 6
3350 3 1 1 3 2 3 6
3459 1 1 1 1 1 2 3
3451 2 3 2 2 2 3 6
3319 0 1 1 1 1 1 3
3437 1 1 0 0 1 1 2
3439 0 0 1 2 1 1 3
3339 2 2 2 2 2 3 5
3454 1 1 1 1 0 1 2
3384 1 1 1 1 1 2 4
3421 2 1 1 2 2 3 5
3379 0 0 1 2 1 2 3
3364 2 3 1 2 2 3 6
3342 2 2 1 3 1 3 5
3323 2 2 2 2 1 3 5
3328 1 1 1 2 1 2 4
3377 2 3 2 2 2 3 6
3348 2 2 1 2 1 3 5
3382 2 2 1 2 1 3 5
3360 2 1 1 2 1 2 4
3362 3 3 2 3 2 4 7
3445 3 3 1 3 2 4 7
3443 1 1 1 2 1 2 4
3412 1 1 1 2 1 2 4
3444 2 3 1 2 1 2 5
3389 1 1 1 1 1 2 4
3428 2 2 1 2 1 2 4
3329 2 1 1 2 2 2 4
3447 2 2 1 1 1 2 4
3433 2 2 1 2 1 2 4
3449 3 2 2 3 2 3 7
3366 2 2 1 2 2 3 6
3325 2 3 2 3 2 3 6
3436 2 1 2 2 1 3 5
3394 0 0 1 3 1 2 4
3371 0 0 1 3 1 2 4
3358 1 2 1 1 1 1 3
3374 2 1 1 2 2 3 5
3415 1 1 1 2 1 2 4
3361 0 0 1 3 1 2 4
3427 1 1 1 1 1 2 4
3335 2 3 2 3 3 4 7
3411 3 1 1 2 2 3 6
3373 3 3 2 3 2 4 6
3400 2 2 1 2 2 3 5
3310 1 2 1 2 2 2 4
3442 0 1 2 2 1 2 4
3365 1 1 0 1 1 1 2
3416 2 1 1 1 1 2 4
3388 0 0 1 2 1 2 3
3450 2 2 1 2 1 3 5
3343 3 1 2 2 2 4 7
3330 1 2 1 2 2 3 5
3402 1 1 0 0 0 1 1
3370 2 1 1 1 1 2 4
3326 0 2 2 2 1 2 4
3378 2 1 1 2 1 3 4
3424 2 2 1 3 2 3 5
3405 0 1 1 1 0 1 2
3390 3 3 2 3 2 4 7
3406 0 0 1 3 1 2 4
3457 2 2 1 2 1 2 4
3404 2 2 1 2 1 2 4
3441 1 0 1 1 1 1 3
3393 4 4 2 4 2 4 9
3426 4 3 3 3 2 4 8
3395 2 2 1 2 2 3 5
3327 1 1 1 2 1 2 3
3397 2 2 2 2 2 3 6
3432 2 2 2 2 2 3 6
3401 1 1 1 1 1 2 3
3375 3 4 3 3 3 4 9
3318 3 2 2 3 2 3 6
3380 2 2 1 2 1 2 4
3320 2 1 1 2 1 2 4
3315 4 4 3 3 3 4 9
3354 2 2 1 3 1 3 6
3347 3 4 3 3 2 3 8
3321 3 2 2 1 2 3 6
3344 1 1 1 2 1 2 3
3341 2 2 1 2 2 3 5
3440 1 1 2 2 2 3 5
3356 2 2 1 2 2 3 5
3383 1 3 2 1 1 2 5
3417 1 2 1 2 2 2 4
3357 2 1 1 2 2 3 6
3353 2 2 1 2 1 2 4
3409 3 2 1 2 2 4 6
3352 1 2 1 1 1 2 4
3324 1 2 1 1 1 2 3
3430 2 1 1 1 1 2 4
3403 2 3 1 2 1 2 5
3392 2 1 1 2 2 2 4
3313 2 2 1 3 2 3 5
3419 2 1 2 1 1 2 4
3408 1 1 1 2 1 2 3
3331 2 1 2 2 2 3 5
3425 0 1 1 1 1 1 3
3431 3 1 1 2 1 3 6
3420 3 2 2 3 2 3 6
3336 1 2 1 2 1 2 4
3386 2 2 1 2 2 3 5
3407 3 2 1 3 1 2 5
3414 3 2 2 2 2 3 6
3410 2 2 1 3 2 3 5
3338 2 2 2 3 2 3 5
3456 1 0 1 1 1 1 3
3337 4 4 4 4 3 4 9
3458 2 1 1 1 1 2 4
3355 2 2 1 3 2 3 5
3333 1 1 1 2 1 2 4
3345 1 1 1 1 1 1 3
3391 0 0 1 1 0 1 2
3369 4 3 3 4 2 4 8
3398 2 1 1 2 1 2 4
3399 2 2 2 2 2 2 5
3317 1 2 1 2 1 3 5
3314 1 1 2 2 1 2 4
3351 2 1 1 2 2 3 5
3367 2 1 1 2 2 3 5
3435 3 2 2 2 1 2 5
