3552 3 3 1 2 2 3 6
3486 1 1 1 1 0 1 3
3507 2 0 1 3 1 3 5
3523 1 1 0 2 0 1 3
3505 1 1 1 1 0 1 3
3526 2 3 1 1 1 2 5
3463 0 1 1 3 1 2 4
3494 2 1 1 2 1 2 4
3539 2 1 1 3 1 3 5
3522 3 3 2 2 2 3 6
3460 3 3 1 2 1 3 6
3496 0 0 0 0 0 0 0
3557 2 2 1 2 1 3 5
3468 2 1 2 2 1 2 4
3476 2 1 1 2 0 3 4
3528 3 2 1 3 2 4 7
3520 0 0 0 0 0 1 1
3606 2 1 1 3 3 3 6
3545 3 3 1 3 1 3 7
3514 1 1 1 1 0 2 3
3607 1 1 1 1 0 1 3
3562 1 2 2 1 1 2 4
3599 1 1 2 1 1 2 4
3512 3 2 1 3 3 3 6
3480 2 2 1 2 1 2 5
3590 1 1 1 0 0 0 2
3535 3 3 2 1 1 1 5
3519 2 3 3 2 1 3 6
3572 1 2 1 1 1 1 3
3529 1 1 1 2 2 3 5
3544 1 1 1 1 0 0 2
3483 2 1 1 2 1 3 5
3608 2 2 2 1 1 2 5
3600 3 3 1 2 1 3 6
3497 3 2 2 2 1 3 6
3604 1 0 2 2 1 2 4
3506 2 2 1 1 1 2 4
3571 1 1 1 2 1 2 4
3587 0 0 1 3 1 3 4
3603 2 1 1 1 1 2 4
3542 2 2 1 2 1 3 5
3568 3 3 2 3 2 4 7
3533 2 1 1 2 1 2 4
3513 1 1 1 2 1 2 4
3493 0 0 0 2 1 2 3
3466 0 0 1 3 1 3 4
3487 1 2 1 1 1 2 4
3524 1 2 2 2 2 3 5
3597 2 2 1 3 2 4 6
3551 1 1 1 1 0 1 3
3592 1 1 1 2 1 2 4
3504 2 2 1 2 1 3 5
3491 0 1 1 4 2 3 5
3541 1 1 0 2 0 1 3
3515 2 2 1 2 1 2 5
3554 0 0 1 3 1 3 4
3521 3 3 1 2 1 4 7
3579 1 1 1 1 0 1 3
3474 0 0 0 3 1 3 3
3462 3 3 3 2 1 2 6
3584 1 1 0 1 1 2 3
3473 2 1 1 2 0 3 4
3589 2 2 2 2 1 3 5
3469 2 1 1 2 1 3 4
3595 0 0 0 0 0 1 1
3594 3 3 2 2 1 4 7
3534 1 1 1 0 0 1 3
3569 2 2 1 1 1 2 4
3570 2 1 1 2 1 2 4
3565 2 0 1 2 3 3 5
3502 2 3 3 1 3 3 6
3567 3 3 2 3 2 4 7
3501 1 1 1 2 2 2 4
3598 1 1 1 2 0 2 4
3492 1 1 1 2 1 2 4
3547 2 2 2 2 1 3 5
3498 1 0 0 1 2 2 3
3531 0 1 0 0 0 0 1
3581 3 3 2 2 1 3 6
3511 2 1 1 2 1 2 4
3471 2 1 1 2 3 3 5
3555 1 1 1 1 0 1 3
3560 2 3 3 1 2 2 5
3577 2 1 1 3 2 3 5
3472 2 2 1 2 2 3 5
3596 1 1 1 1 0 1 3
3602 2 2 1 2 1 3 5
3550 1 1 0 1 0 1 2
3583 1 0 1 1 1 2 4
3563 2 2 2 2 1 4 6
3548 1 1 1 1 1 2 4
3536 3 3 2 2 1 4 7
3477 2 2 2 1 1 3 5
3518 3 3 2 2 1 3 7
3559 3 2 2 3 3 3 6
3500 2 1 1 2 2 4 6
3509 3 3 2 3 1 4 7
3593 2 2 2 2 2 3 5
3478 4 4 1 1 1 2 8
3467 2 1 2 3 2 4 6
3510 2 2 1 2 1 3 5
3591 0 0 0 0 0 0 1
3517 1 1 1 2 0 2 4
3580 1 1 2 1 1 2 4
3546 2 1 1 2 3 3 5
3465 2 1 1 2 3 3 5
3543 2 2 1 2 1 3 5
3576 1 0 0 0 0 1 2
3573 3 2 1 2 2 4 6
3495 1 1 2 1 1 2 4
3609 1 1 1 1 1 2 4
3605 0 0 0 0 0 0 1
3582 2 1 2 1 1 2 4
3470 1 1 2 2 1 3 5
3516 1 1 1 1 0 1 3
3601 1 1 1 2 2 2 4
3485 1 2 1 1 1 1 4
3556 2 2 2 2 1 3 5
3527 0 0 1 0 0 0 1
3530 3 3 4 2 3 4 8
3564 1 2 2 1 1 1 4
3574 1 1 1 1 0 1 2
3588 1 1 1 1 0 1 3
3503 3 2 2 2 2 3 6
3586 2 2 1 1 1 3 5
3464 0 1 1 2 1 2 3
3549 2 2 2 3 1 3 5
3532 2 2 1 2 1 3 5
3475 2 2 1 1 1 2 4
3553 0 0 0 0 0 0 1
3482 1 1 1 2 1 2 4
3489 2 2 1 2 1 3 5
3479 0 0 1 2 1 1 3
3575 2 2 1 2 2 3 5
3488 4 4 2 2 1 4 8
3540 2 2 1 2 1 3 5
3538 3 1 1 2 2 1 5
3499 3 1 3 1 1 1 4
3508 2 0 1 2 1 3 5
3461 3 2 1 3 1 4 7
3561 0 1 1 1 1 2 4
3566 1 1 0 1 0 1 3
3481 1 0 1 1 1 2 4
3490 3 3 3 2 1 4 7
3558 0 0 0 3 1 3 4
3585 2 2 2 2 1 3 5
3578 4 4 2 2 1 4 8
3525 2 1 1 3 2 3 5
3537 2 2 1 1 1 2 4
3484 2 1 1 1 1 2 4
