3695 2 1 1 2 1 2 4
3722 2 2 1 2 1 2 4
3618 0 0 0 2 0 3 4
3666 1 0 1 1 1 2 3
3743 2 2 3 3 1 3 6
3624 1 1 1 2 1 2 4
3717 3 3 1 3 2 4 7
3719 2 2 2 2 1 3 5
3655 2 2 1 2 2 3 5
3716 1 0 1 1 1 1 3
3669 1 0 0 2 1 1 3
3622 1 1 0 1 1 1 3
3693 0 0 0 2 0 3 4
3714 1 1 0 1 1 1 3
3712 3 3 1 3 1 3 6
3649 2 1 1 2 1 3 5
3652 2 2 2 2 2 3 6
3647 3 3 1 2 0 2 4
3628 3 3 2 2 1 2 6
3633 1 1 1 2 1 2 4
3748 1 1 2 0 0 1 2
3658 1 1 1 1 1 1 3
3629 1 1 0 1 1 1 3
3756 2 2 1 2 1 3 5
3746 2 3 2 2 1 3 5
3704 3 3 1 3 1 4 6
3732 3 3 3 2 1 3 6
3623 1 2 1 1 1 2 4
3711 2 1 2 2 1 3 5
3727 2 2 1 2 1 3 5
3635 2 2 0 1 0 1 3
3619 1 1 0 0 1 1 2
3677 0 1 0 0 0 0 1
3680 2 2 1 2 2 3 5
3620 1 2 2 0 1 1 3
3724 1 2 2 1 1 1 3
3738 2 2 1 2 1 3 5
3674 1 0 1 1 1 1 3
3735 1 2 0 2 1 2 4
3753 1 1 1 2 1 2 4
3614 1 0 0 1 0 2 3
3749 3 3 1 2 2 3 6
3734 1 2 2 2 1 2 4
3744 3 2 1 3 3 3 6
3661 3 3 1 2 1 3 6
3636 3 3 2 3 1 4 7
3650 2 3 1 2 2 3 6
3708 3 3 2 2 1 4 6
3723 0 0 0 1 0 2 3
3642 3 3 1 3 2 3 5
3632 1 1 1 1 1 1 3
3721 2 2 1 2 1 3 5
3713 3 3 2 2 1 4 6
3644 1 2 1 1 1 2 4
3703 2 2 1 2 1 3 5
3758 3 3 1 2 1 3 5
3621 2 1 1 2 2 2 5
3745 2 2 1 2 1 3 5
3736 2 2 1 2 2 2 5
3760 2 2 2 1 1 2 5
3707 1 1 2 2 1 2 4
3687 4 4 1 3 1 4 7
3684 2 2 1 2 2 3 5
3720 0 0 0 0 1 1 2
3615 1 0 2 3 1 2 4
3639 2 2 1 2 1 3 5
3641 1 1 1 1 1 1 3
3679 1 1 0 1 1 1 3
3747 1 1 1 2 1 2 4
3616 3 2 2 3 1 4 6
3705 2 1 2 2 2 2 5
3699 1 1 1 1 1 1 3
3610 1 1 1 2 1 1 3
3612 1 1 1 1 1 2 4
3759 1 1 1 0 0 1 2
3757 3 2 3 3 3 4 7
3670 2 2 1 2 1 3 5
3643 0 1 0 0 0 0 1
3651 3 3 2 2 2 3 6
3731 0 0 1 0 0 0 1
3725 3 2 2 3 1 3 6
3739 0 0 0 0 0 0 1
3690 2 2 1 2 2 3 5
3683 2 3 2 2 1 3 5
3686 3 3 1 2 1 3 5
3627 2 1 1 2 1 3 5
3667 2 2 1 2 1 3 5
3688 3 2 1 3 1 4 6
3653 2 1 1 2 1 3 4
3696 1 1 0 1 1 1 3
3681 3 2 1 3 1 4 6
3662 1 2 1 1 1 1 3
3675 1 1 1 1 1 1 3
3663 1 2 2 2 1 2 4
3697 2 2 2 1 1 2 4
3678 3 3 2 2 1 4 6
3733 1 1 1 2 1 2 4
3648 3 3 2 2 2 4 6
3634 1 1 1 1 1 2 4
3726 2 2 1 2 2 3 5
3617 4 4 2 3 1 4 8
3751 1 1 1 1 1 1 3
3740 1 0 0 1 1 1 3
3672 1 1 1 1 1 2 4
3742 2 2 2 2 1 3 5
3638 2 2 2 2 1 3 5
3611 1 3 1 0 0 1 3
3630 2 2 1 2 2 3 5
3702 3 3 2 2 2 3 6
3664 1 1 0 1 0 1 3
3613 2 2 1 2 1 4 6
3682 1 1 1 1 1 1 3
3700 1 1 1 1 1 2 3
3665 1 0 0 1 1 2 4
3685 1 2 1 1 1 2 4
3730 2 2 2 2 1 2 5
3676 2 1 1 1 1 1 3
3729 1 2 1 2 1 2 4
3752 1 1 1 2 1 2 4
3626 0 1 1 1 0 1 2
3671 1 1 0 1 0 1 3
3698 1 1 1 1 1 2 4
3701 2 2 1 2 1 3 5
3741 2 1 1 2 1 3 5
3710 1 1 1 1 2 1 3
3660 3 3 1 2 1 3 6
3718 3 3 1 2 1 3 5
3694 2 2 1 1 1 2 4
3631 3 2 1 2 1 4 6
3691 3 3 2 2 1 4 6
3625 1 1 2 1 1 2 4
3656 0 0 0 2 0 3 4
3637 4 4 1 2 0 1 4
3659 3 3 2 2 2 3 7
3673 2 2 2 2 1 3 5
3646 2 2 2 2 2 3 5
3668 0 0 0 1 0 1 2
3645 0 0 1 1 1 1 3
3750 2 1 1 2 1 3 5
3755 2 2 2 2 1 2 4
3657 1 1 1 1 1 1 3
3692 2 2 1 2 2 3 5
3689 1 1 1 1 0 2 3
3706 3 3 2 2 1 3 6
3654 3 2 1 2 2 3 5
3728 1 1 0 1 0 1 2
3640 1 2 1 2 1 3 4
3715 3 3 1 3 2 4 6
3709 3 2 1 2 1 3 5
3754 2 1 1 2 1 2 4
