3792 2 1 1 2 1 2 4
3850 0 1 1 2 1 1 3
3869 2 1 1 2 2 3 5
3804 2 2 1 3 1 3 5
3818 2 2 1 2 2 2 4
3895 3 2 1 2 1 2 4
3819 2 2 1 2 1 3 5
3886 1 1 0 1 0 1 3
3801 3 2 1 3 2 3 6
3834 1 1 1 1 2 2 4
3777 1 2 1 0 0 1 2
3877 2 1 1 2 2 3 5
3824 2 2 1 2 1 3 5
3865 2 1 1 2 1 3 5
3910 2 2 1 2 1 3 5
3772 1 0 0 1 0 1 2
3875 1 1 1 1 0 1 3
3901 1 1 1 2 1 2 4
3828 2 2 1 2 1 3 5
3858 1 1 1 2 1 2 4
3773 2 1 1 3 1 2 4
3811 2 2 1 2 2 3 5
3845 2 3 1 2 3 3 6
3861 1 1 1 2 1 2 4
3782 2 3 1 1 0 2 4
3780 2 1 1 2 2 3 5
3874 0 0 0 2 1 1 3
3864 2 1 1 2 1 3 5
3900 0 1 1 1 1 1 3
3841 2 2 2 2 2 3 6
3762 2 2 1 3 2 3 6
3855 1 2 1 2 1 3 5
3799 2 2 1 2 1 2 4
3852 3 3 2 2 1 4 7
3802 2 2 1 3 1 3 5
3810 3 1 2 2 2 4 6
3767 1 0 0 1 1 1 3
3896 3 2 3 2 2 1 4
3885 1 0 0 1 0 1 2
3891 1 0 1 2 1 2 3
3867 2 1 1 3 2 3 5
3879 3 1 2 2 2 4 6
3779 0 0 0 1 1 1 2
3892 0 1 1 1 0 1 3
3826 1 1 0 1 0 1 3
3866 1 1 1 2 2 2 4
3849 1 2 1 2 1 3 5
3813 3 3 3 2 1 4 7
3768 2 2 1 1 1 1 3
3902 2 1 1 3 1 3 5
3769 1 1 1 1 0 1 3
3806 1 1 1 1 1 1 3
3882 2 1 1 2 1 1 3
3800 1 1 1 2 0 1 3
3761 0 0 0 2 1 2 4
3786 2 1 1 2 1 3 5
3870 0 0 0 2 1 2 4
3770 3 3 2 2 2 4 6
3854 1 1 1 2 1 2 4
3857 3 2 2 2 2 3 6
3787 1 0 0 0 0 1 2
3820 1 1 1 1 0 1 3
3893 2 1 1 2 1 3 5
3897 3 1 2 3 2 4 7
3906 3 2 2 2 1 2 5
3775 1 1 1 3 1 3 5
3814 0 0 0 1 0 1 2
3872 2 2 2 2 2 3 5
3823 0 1 1 1 1 1 3
3837 1 1 0 1 0 1 3
3825 2 2 2 2 1 3 5
3797 1 1 1 2 1 2 4
3887 2 2 1 2 2 3 6
3765 1 1 1 2 1 2 4
3862 2 2 1 3 1 3 5
3795 2 1 1 3 2 3 5
3881 4 4 2 2 1 3 7
3791 2 1 1 3 2 3 5
3883 2 3 2 2 1 2 6
3816 2 2 2 2 1 3 6
3832 0 1 1 2 1 2 4
3844 1 1 1 2 1 2 4
3809 0 0 0 2 1 1 3
3784 1 1 1 1 1 3 4
3798 3 2 1 3 1 3 5
3766 3 3 3 3 3 4 7
3829 2 1 1 1 1 2 4
3904 2 2 1 2 2 2 4
3838 1 1 1 0 0 1 2
3888 3 2 1 2 2 3 6
3851 1 1 1 2 0 2 3
3889 2 2 0 0 0 1 3
3778 2 1 1 3 1 3 5
3853 2 2 2 2 1 3 5
3873 1 2 2 1 1 2 4
3909 2 3 2 2 1 3 5
3839 1 1 1 1 1 2 3
3830 1 1 1 2 1 2 4
3846 2 2 2 2 1 3 5
3899 3 3 2 3 1 3 6
3860 1 1 1 1 1 2 3
3840 3 1 1 2 1 4 6
3878 1 1 1 2 1 2 4
3842 2 1 1 2 2 3 5
3788 2 2 2 2 1 3 6
3783 3 3 2 2 1 3 6
3764 3 2 2 2 2 3 6
3774 2 1 2 2 2 3 6
3807 2 2 3 1 1 2 4
3836 1 1 1 2 1 3 5
3868 4 3 3 3 2 4 8
3793 1 1 1 2 1 3 4
3827 2 2 1 3 1 3 5
3815 2 2 1 2 2 3 5
3898 2 1 1 2 0 2 3
3835 2 1 2 2 1 2 4
3848 1 0 1 1 1 2 3
3871 1 1 2 2 1 3 5
3763 3 2 2 2 1 3 6
3771 0 0 0 2 1 2 4
3843 2 3 2 3 1 4 6
3812 2 1 1 3 1 3 5
3796 2 2 2 2 1 3 5
3794 3 2 2 2 2 4 7
3776 2 2 2 2 1 3 5
3863 0 0 0 1 1 1 2
3856 3 1 1 2 2 4 6
3805 2 1 1 1 1 2 4
3785 2 2 1 2 1 2 4
3790 3 1 1 1 0 2 4
3908 2 1 1 3 1 3 5
3859 1 2 2 1 0 0 2
3890 2 2 1 3 1 4 6
3894 3 2 2 2 2 4 6
3803 2 1 1 2 1 3 5
3821 1 0 0 0 1 1 2
3905 3 2 2 3 3 4 7
3831 2 1 2 2 3 2 5
3817 3 1 2 3 1 4 6
3907 3 1 3 3 2 4 7
3876 2 1 1 2 1 3 5
3781 1 2 1 1 1 2 4
3808 3 2 2 3 2 3 6
3833 0 0 0 2 1 1 3
3884 3 4 3 2 1 3 7
3847 2 1 2 2 1 3 5
3822 1 1 1 1 0 2 3
3880 0 1 1 2 2 1 3
3903 0 0 0 1 1 1 2
3789 1 2 1 2 2 2 4
