3973 2 1 1 2 1 2 4
3996 2 2 1 2 2 3 5
4005 2 2 1 2 1 3 5
4011 3 3 2 2 1 3 6
3981 2 2 1 3 1 3 6
4017 3 3 1 3 2 3 6
4060 2 2 1 2 1 2 5
3995 2 1 0 1 1 2 4
3988 2 1 1 3 1 3 5
4021 2 1 1 2 1 2 4
3945 2 1 1 2 1 2 4
3912 4 3 2 3 1 2 6
3982 0 0 0 1 0 2 3
4055 2 1 2 2 2 2 5
3936 2 1 1 2 1 2 4
3919 1 2 1 1 1 2 4
4037 0 0 1 1 1 1 3
3969 3 1 1 3 2 3 6
4020 0 0 0 1 0 2 4
4015 1 0 0 0 1 1 2
4000 2 2 1 2 1 3 5
4049 2 1 1 2 1 2 4
3933 2 2 1 2 1 3 5
4043 2 2 1 2 1 2 5
4018 1 0 0 1 1 0 1
3947 1 2 0 1 1 1 3
4004 3 3 1 3 1 4 7
3930 1 1 1 1 0 1 3
4044 3 3 2 2 1 3 6
3931 1 0 1 1 1 1 3
4054 3 1 1 4 2 4 7
3961 0 0 0 1 0 2 4
4026 1 1 1 1 1 2 3
3963 3 2 1 2 1 2 5
3914 3 1 1 2 1 3 6
3980 3 3 2 3 1 3 6
3952 1 1 2 2 2 3 5
4053 3 1 1 3 2 3 6
4042 2 1 1 2 1 2 4
3970 2 2 1 2 1 2 4
3984 2 2 1 2 1 3 5
3951 2 2 1 1 1 1 3
4031 2 1 1 3 1 3 5
4059 3 2 1 2 2 2 5
4029 1 0 1 1 1 2 4
3928 1 2 1 2 1 2 4
3957 2 1 1 2 1 3 5
3986 2 2 1 2 1 2 4
3967 2 1 1 2 1 1 3
4027 0 1 0 1 0 1 2
4016 2 3 2 2 2 3 6
3966 4 4 2 3 1 2 7
3979 0 0 0 1 0 1 2
3959 3 1 1 3 2 4 7
3915 2 1 1 3 2 3 6
3935 2 2 1 2 2 3 5
4040 2 2 1 2 1 2 4
3921 1 0 0 1 1 1 3
3990 3 3 1 2 1 3 6
4057 2 1 1 1 1 2 4
3942 1 1 1 2 1 2 4
3925 3 1 1 4 2 4 7
4012 3 3 2 3 2 4 7
4023 1 1 1 2 0 2 3
3989 1 1 1 2 1 2 4
3954 2 1 1 2 1 3 4
4028 0 0 0 1 0 2 4
4007 0 1 0 1 0 1 3
3929 0 1 0 0 0 0 1
3997 1 0 0 0 1 0 2
4001 2 2 2 2 1 3 5
4052 3 3 2 3 1 4 7
3924 1 0 0 1 1 1 3
4006 3 3 1 3 2 3 6
3985 2 1 1 2 1 2 4
3937 2 3 2 2 1 3 5
3920 1 2 2 2 2 2 5
3941 0 1 1 1 0 1 3
3992 1 1 2 2 1 3 5
3991 2 2 2 2 2 3 5
4034 1 1 2 2 1 3 5
3993 1 1 1 2 1 2 4
4038 3 1 1 3 1 3 6
3913 3 1 2 3 1 3 6
3946 3 2 1 2 2 3 6
3923 2 1 1 2 1 3 5
3918 3 3 1 3 1 3 6
4058 1 2 1 2 1 3 5
4051 2 1 1 2 1 3 5
3943 1 2 2 2 1 3 6
3965 1 1 1 1 1 1 3
3976 3 3 2 2 1 3 6
4036 3 2 1 3 1 4 7
4039 2 1 2 2 1 3 5
3974 4 4 2 3 1 3 7
3938 2 2 1 2 1 3 5
3953 3 2 2 3 1 4 6
4046 2 1 1 2 1 3 5
4002 1 0 1 1 1 1 3
3983 3 1 1 3 2 3 6
4019 2 1 1 2 1 3 5
3998 2 1 1 2 1 2 4
4003 3 1 1 3 2 4 6
3932 3 3 1 3 1 3 6
3948 0 1 0 0 0 0 1
3960 2 1 1 2 1 3 5
4041 3 1 1 3 1 4 6
3968 2 2 1 2 1 3 5
4030 1 1 1 1 1 2 4
3922 1 1 2 2 1 2 5
3940 2 2 1 2 1 3 5
4024 2 4 2 2 1 3 6
3927 3 4 3 3 2 3 7
3994 0 1 1 1 0 2 4
4048 2 2 2 2 1 3 5
3956 0 0 1 1 1 1 3
4010 2 2 2 2 1 3 5
3971 0 0 1 1 0 0 2
3962 3 3 1 2 1 3 6
4014 1 1 2 2 3 2 5
3916 2 1 1 1 1 2 4
4009 2 1 2 2 3 3 6
3975 3 1 1 4 2 3 7
4056 1 2 1 2 1 2 4
3934 3 3 2 3 1 3 6
4025 2 2 3 2 1 3 5
3926 1 2 1 1 1 2 4
3944 3 3 2 2 1 3 5
3999 0 1 1 1 0 1 3
4045 1 1 1 1 1 2 4
3958 1 2 2 2 1 3 6
4033 3 2 2 2 1 2 5
4050 1 0 1 2 2 2 4
3977 2 1 2 2 2 3 5
4008 2 2 2 2 1 2 5
3964 0 0 1 1 1 2 4
3917 2 1 1 2 1 3 5
4047 2 2 2 2 1 3 5
4022 0 0 0 1 0 2 3
3978 1 2 1 1 1 2 4
3972 2 3 1 2 1 3 5
3911 1 1 2 2 1 2 4
3955 2 2 1 2 1 2 4
4013 2 2 1 2 1 3 5
4032 3 1 1 3 1 4 6
4035 2 1 1 2 1 2 4
3987 1 2 1 1 2 2 4
3950 2 2 2 2 2 3 5
3949 0 0 0 1 0 1 2
3939 0 0 0 0 0 0 1
