4061 1 1 1 1 1 1 3
4201 2 2 2 2 1 2 5
4154 1 1 1 1 1 1 3
4118 3 2 2 3 1 3 6
4160 2 2 1 2 1 2 5
4064 0 1 1 1 1 0 2
4062 0 2 2 1 1 1 3
4185 3 2 1 3 1 3 6
4179 1 0 0 1 1 1 3
4180 2 1 1 2 1 2 5
4182 1 1 1 2 1 2 4
4103 3 1 1 2 1 3 5
4073 1 3 2 1 1 1 4
4164 2 1 1 1 0 2 4
4095 2 2 2 2 1 3 5
4183 2 2 2 2 2 3 6
4075 1 2 1 1 1 1 3
4161 1 1 1 2 2 2 4
4177 2 1 1 2 0 2 4
4148 3 3 2 2 2 3 7
4085 1 2 1 2 1 3 5
4168 2 1 1 1 1 2 4
4109 3 3 3 3 2 4 7
4071 2 3 1 1 1 1 3
4088 1 1 2 1 1 1 3
4105 2 2 1 2 2 3 5
4203 3 3 2 2 0 2 5
4174 3 3 1 3 2 4 7
4141 1 0 1 1 1 1 3
4195 3 2 1 3 3 4 6
4084 1 2 1 1 1 1 3
4167 2 2 1 2 1 3 5
4096 1 0 0 2 1 2 4
4206 0 0 0 0 0 0 1
4070 3 2 1 2 1 3 5
4158 3 2 1 3 3 4 6
4072 3 2 1 2 2 3 6
4098 3 2 1 2 1 2 5
4124 3 2 2 3 2 4 6
4172 2 2 2 1 1 1 3
4102 1 2 2 2 1 3 5
4190 1 1 1 2 2 3 5
4191 1 1 1 2 1 3 5
4076 1 0 1 1 1 2 4
4092 2 3 2 2 1 3 6
4114 1 3 2 2 1 3 6
4121 2 3 2 3 1 3 6
4066 1 1 1 1 1 1 3
4196 0 0 0 0 1 0 2
4113 2 2 2 2 2 3 5
4207 1 2 1 2 1 2 4
4186 1 1 1 2 1 2 4
4082 2 2 2 2 1 3 5
4063 2 3 2 1 1 2 4
4137 0 1 0 2 1 2 3
4123 3 2 2 2 1 3 6
4144 2 0 1 2 1 2 4
4122 2 2 1 2 1 3 5
4192 1 2 1 2 1 3 5
4069 1 1 2 1 1 1 3
4166 2 2 2 2 1 3 5
4097 1 0 0 1 1 1 2
4080 2 2 2 2 1 3 5
4202 3 3 1 2 1 3 6
4079 1 2 2 1 1 2 4
4205 1 1 1 2 1 2 4
4175 2 0 1 2 1 3 5
4068 0 1 1 1 1 1 3
4106 3 2 1 2 1 3 6
4116 2 2 2 2 1 3 5
4209 0 0 1 1 1 1 3
4131 2 2 2 2 2 2 5
4198 0 0 1 3 1 2 3
4087 1 0 0 2 1 2 4
4139 0 1 1 2 1 2 3
4094 3 3 2 3 1 4 7
4187 1 1 1 2 1 3 5
4155 3 3 3 2 2 3 6
4119 1 0 0 2 1 2 4
4099 3 3 1 3 1 4 6
4134 0 1 1 0 0 0 1
4078 3 2 1 3 2 4 7
4115 1 1 2 2 1 2 4
4184 1 2 2 2 1 2 4
4065 3 1 1 3 1 4 6
4153 0 0 1 1 1 1 3
4136 2 1 1 1 1 2 4
4133 3 2 1 2 1 3 5
4197 1 0 0 1 0 1 2
4117 1 1 1 1 1 1 3
4100 1 2 1 2 1 3 5
4145 2 1 2 2 1 3 5
4077 1 1 2 2 1 3 5
4169 2 2 1 2 1 3 5
4125 0 0 0 1 0 1 2
4188 1 2 2 2 1 2 5
4210 1 1 2 1 1 1 3
4194 2 4 3 2 1 3 7
4067 3 1 1 2 2 3 5
4110 2 2 2 2 3 2 5
4150 2 2 2 1 1 1 3
4074 2 2 1 2 1 2 4
4156 0 0 0 1 1 1 2
4129 3 3 2 2 1 2 5
4152 0 0 0 2 1 1 3
4101 1 2 2 2 1 2 4
4193 2 2 2 2 2 2 5
4165 2 2 2 2 2 3 6
4176 0 3 3 1 0 1 3
4159 0 0 0 2 0 1 2
4107 0 0 1 3 1 3 4
4146 1 1 1 2 1 2 4
4081 2 1 2 2 1 3 5
4208 2 1 1 2 1 3 5
4089 2 2 2 2 2 3 5
4162 2 2 1 3 2 3 6
4086 0 0 0 2 1 2 3
4126 2 3 3 1 1 2 4
4173 2 3 1 2 1 4 6
4199 3 2 2 2 3 2 5
4090 2 2 2 2 1 3 5
4143 2 1 1 1 1 2 4
4204 2 2 2 2 1 3 5
4091 1 1 1 1 1 1 2
4142 1 1 2 1 1 2 3
4111 0 1 1 2 1 2 4
4151 3 2 1 3 1 4 6
4189 3 2 1 3 1 3 5
4135 3 3 2 3 1 3 6
4149 0 0 0 2 0 1 2
4127 0 0 1 1 1 1 2
4112 1 3 2 2 1 3 5
4178 3 3 2 2 1 2 5
4130 0 1 1 1 1 1 3
4104 2 1 2 2 2 3 5
4200 1 2 1 1 1 2 4
4163 2 2 2 2 1 3 6
4093 1 1 1 0 0 1 2
4108 2 2 3 2 1 3 5
4211 0 1 1 0 0 1 2
4120 3 2 2 2 2 3 6
4132 1 2 1 1 1 2 4
4171 1 0 0 1 0 1 3
4147 3 2 1 2 2 3 6
4170 1 2 2 2 1 3 5
4140 0 0 1 1 1 1 3
4181 1 1 1 2 1 2 4
4083 3 4 2 3 2 4 8
4138 3 3 3 3 3 4 7
4157 2 2 1 2 1 3 5
