4294 2 2 2 2 2 1 5
4357 1 1 1 2 1 2 4
4222 3 3 1 3 1 3 6
4215 2 2 1 2 0 2 4
4227 1 1 1 2 1 1 4
4241 2 2 1 2 1 2 4
4330 2 2 1 2 1 3 5
4329 2 2 1 2 2 2 5
4257 0 1 1 3 1 2 4
4356 3 3 3 3 1 3 7
4306 1 1 1 2 1 2 4
4326 4 4 3 3 2 4 8
4232 2 2 1 3 1 3 5
4275 2 2 1 3 3 3 6
4245 1 1 1 2 1 2 4
4212 1 1 1 2 1 2 4
4305 1 1 2 3 2 3 5
4354 2 3 2 2 2 3 6
4221 1 2 3 3 1 3 5
4280 0 0 0 0 0 0 0
4304 0 1 1 3 1 3 4
4325 3 3 1 3 1 3 6
4255 1 1 0 1 1 1 3
4332 3 3 1 3 1 4 7
4243 3 3 2 3 1 3 7
4246 0 1 1 3 1 2 4
4253 3 3 2 3 1 3 7
4300 3 2 1 3 2 3 6
4264 1 1 1 1 2 1 3
4321 3 3 1 3 2 3 6
4242 2 2 1 2 1 3 5
4240 3 4 1 3 1 3 7
4291 1 1 1 2 1 2 4
4254 2 2 1 2 1 3 5
4276 3 3 2 2 1 1 6
4271 2 3 3 3 1 3 6
4282 2 2 1 3 1 3 5
4296 0 1 0 0 0 0 1
4219 1 1 1 1 1 1 3
4237 1 1 1 2 3 2 4
4362 1 1 1 2 1 2 4
4341 0 1 1 3 1 2 4
4258 2 3 2 2 1 1 5
4239 1 1 1 2 1 3 4
4334 2 2 1 2 1 2 4
4262 1 2 0 1 1 1 3
4226 1 1 1 1 1 1 3
4238 1 2 1 2 1 2 4
4270 2 3 3 2 1 2 5
4248 2 2 1 2 1 3 5
4344 1 1 1 2 1 1 3
4265 2 2 2 2 1 2 5
4235 2 2 1 2 1 2 4
4256 3 2 2 2 2 3 6
4322 1 1 1 2 1 3 4
4312 1 1 2 2 1 1 3
4327 2 2 1 2 2 2 5
4359 2 1 1 2 0 2 4
4231 2 2 2 2 1 2 5
4297 2 3 1 3 2 4 6
4355 1 0 0 1 0 0 1
4287 3 3 2 3 1 4 7
4251 1 1 0 1 1 1 3
4279 1 1 1 1 0 1 3
4216 4 4 3 1 0 1 4
4310 3 2 3 3 3 4 7
4268 2 2 1 2 1 2 4
4338 2 1 1 1 2 1 3
4353 1 1 1 2 1 2 4
4336 1 1 1 2 1 2 4
4314 3 2 1 2 1 3 6
4331 0 1 1 3 1 3 4
4289 1 1 0 1 1 1 2
4230 1 1 1 2 1 2 4
4244 1 1 0 1 1 1 3
4261 3 3 1 4 1 4 7
4277 1 1 1 1 1 1 3
4290 2 2 2 2 1 2 5
4319 2 2 2 2 1 3 5
4225 1 1 1 2 3 2 4
4352 2 2 1 2 1 2 5
4318 3 2 1 3 1 3 6
4263 2 2 1 2 3 1 4
4303 2 2 1 2 1 2 4
4328 2 2 3 3 3 3 6
4229 1 1 1 1 1 1 3
4234 1 2 2 2 1 2 4
4337 2 2 1 2 1 2 5
4213 2 3 1 1 1 1 4
4298 0 1 2 3 1 2 5
4220 1 1 1 1 1 1 3
4285 2 2 1 2 1 3 5
4273 0 1 1 3 1 3 4
4281 2 2 1 3 1 3 5
4323 0 1 1 3 1 2 4
4224 3 4 1 2 1 3 7
4286 0 1 1 1 1 1 3
4351 2 2 1 3 1 3 5
4266 1 2 1 2 1 2 4
4233 1 1 1 1 1 1 3
4228 0 1 1 3 1 3 4
4324 1 1 1 2 1 1 3
4284 2 2 1 2 2 2 5
4288 1 1 1 2 1 2 4
4340 1 2 1 2 2 2 4
4308 1 2 2 2 1 2 4
4360 2 3 2 2 2 3 6
4311 2 2 1 2 1 3 5
4295 2 2 1 2 1 2 4
4333 2 2 2 2 2 3 5
4217 1 1 1 2 1 1 3
4315 1 2 2 2 1 2 4
4223 1 1 1 2 1 1 3
4345 2 3 2 2 2 3 6
4247 4 4 3 3 1 4 8
4317 2 2 1 2 1 2 4
4250 1 1 0 1 1 1 3
4236 1 1 1 2 1 2 4
4316 0 0 0 0 0 0 1
4260 1 1 1 2 1 2 4
4358 1 1 1 2 1 2 4
4347 1 1 1 1 1 1 3
4259 1 2 1 2 1 2 4
4267 2 2 1 2 2 3 5
4252 0 1 0 1 1 1 3
4307 1 1 0 1 0 1 2
4320 1 2 1 2 1 2 4
4350 3 3 1 3 1 4 6
4293 1 2 1 2 2 2 4
4249 1 1 1 2 1 2 3
4348 2 3 1 3 2 4 6
4272 3 3 1 3 3 4 7
4342 2 2 1 2 1 3 5
4339 1 1 1 2 1 2 4
4361 2 3 1 3 1 4 6
4346 2 2 1 3 1 3 5
4218 2 1 1 2 1 2 4
4309 0 1 1 3 1 2 4
4349 2 2 2 2 1 3 5
4299 0 1 1 1 0 0 1
4274 3 4 1 1 0 1 4
4278 2 3 1 2 1 3 5
4302 2 2 1 2 1 2 5
4343 0 1 1 1 1 1 2
4335 1 1 1 2 1 2 4
4214 2 1 1 2 1 2 4
4292 1 1 1 2 1 1 3
4283 0 1 1 1 0 1 2
4313 3 3 2 3 1 3 7
4301 3 2 1 3 1 4 6
