4458 2 1 1 2 1 2 4
4421 2 2 2 1 1 2 4
4430 3 3 1 3 1 4 7
4499 3 2 1 3 3 4 7
4487 2 1 1 2 1 2 4
4475 2 1 1 2 3 3 5
4508 2 1 1 2 2 2 5
4380 2 2 1 3 1 3 5
4406 3 2 3 3 3 3 6
4445 2 2 2 2 1 3 5
4401 3 3 1 3 1 3 6
4386 2 2 1 2 1 3 5
4402 2 2 1 2 1 3 5
4478 2 1 1 3 1 3 5
4436 1 2 2 2 2 2 5
4417 1 0 1 2 1 1 3
4463 2 1 1 2 1 2 4
4418 1 1 1 3 3 2 4
4470 3 3 1 3 1 3 6
4369 2 2 2 2 3 2 5
4415 3 1 2 2 1 3 6
4455 1 1 1 2 1 1 3
4435 2 1 1 2 1 2 5
4366 1 1 0 1 1 1 3
4457 2 3 2 3 1 3 6
4398 2 3 1 3 2 3 6
4462 3 2 1 3 2 4 6
4464 1 1 1 2 1 2 4
4396 1 2 1 1 0 1 3
4479 1 1 1 2 1 2 4
4437 0 1 0 3 1 1 3
4394 1 1 1 2 1 2 4
4374 3 3 1 3 1 4 6
4492 1 1 1 2 1 1 3
4503 1 1 1 2 1 1 3
4400 0 1 1 1 0 1 2
4501 3 3 1 3 1 4 7
4373 2 1 1 2 1 3 5
4413 2 1 1 2 2 3 5
4481 0 0 1 1 1 1 2
4473 2 1 1 2 1 3 5
4416 2 2 1 3 2 3 5
4381 2 1 2 3 2 3 5
4427 3 3 1 3 1 4 6
4392 2 1 1 2 1 2 4
4452 1 0 0 1 0 1 2
4390 2 2 2 3 1 3 5
4507 3 1 1 4 3 4 6
4513 1 0 1 2 0 2 3
4456 2 2 1 3 1 3 5
4497 2 2 2 1 1 2 4
4485 3 3 1 3 1 3 6
4486 3 4 3 3 2 4 8
4442 2 1 1 2 2 2 4
4388 2 1 1 2 1 3 5
4424 1 1 0 2 1 2 3
4477 1 0 0 1 1 1 3
4495 1 1 1 2 1 2 4
4461 2 1 1 3 1 3 5
4439 2 2 2 3 2 3 6
4467 3 2 1 2 1 3 6
4411 3 1 1 2 1 3 6
4443 2 2 1 3 2 4 6
4494 3 2 2 2 1 3 6
4512 2 2 2 3 1 3 6
4399 2 2 2 2 1 2 5
4509 3 3 1 2 2 4 7
4405 2 1 1 2 1 3 5
4510 2 1 1 2 1 2 4
4476 1 1 1 2 1 2 4
4432 1 0 1 1 1 1 3
4363 0 0 0 3 1 3 4
4367 3 3 1 2 1 3 6
4377 1 1 1 2 1 2 4
4451 3 4 3 3 1 4 8
4482 1 1 1 1 1 1 3
4447 0 0 0 1 0 1 2
4491 3 3 2 2 1 2 5
4431 1 0 0 1 2 1 3
4438 1 0 1 1 1 1 3
4454 2 1 1 2 1 2 4
4391 2 1 2 2 1 3 5
4414 3 3 3 2 1 2 6
4444 3 1 1 4 2 4 7
4404 3 3 1 3 1 3 6
4376 1 1 1 2 1 2 4
4372 3 4 3 3 2 3 7
4370 0 0 1 1 1 1 2
4379 2 1 1 2 1 2 4
4378 1 2 3 2 2 3 5
4385 1 1 1 2 1 2 4
4384 2 1 2 3 1 3 5
4500 2 2 1 2 1 2 5
4446 2 1 1 2 1 2 4
4489 2 1 1 2 1 2 4
4506 0 0 0 3 1 3 4
4469 3 2 1 3 1 3 6
4408 3 2 2 3 2 3 5
4382 3 1 1 2 1 3 6
4368 1 1 1 0 0 1 2
4480 2 3 2 2 1 3 6
4490 3 3 2 3 2 3 7
4471 2 1 1 3 1 3 5
4496 2 1 1 2 1 2 4
4460 2 2 1 2 1 2 4
4468 1 1 1 2 1 2 4
4504 2 2 1 2 1 2 5
4434 2 1 1 3 2 3 5
4423 2 2 2 3 1 3 5
4364 2 1 1 2 1 3 5
4483 2 2 2 2 2 3 5
4387 2 1 2 2 1 3 5
4422 1 1 1 2 2 3 4
4428 2 1 1 2 3 3 5
4389 1 1 1 2 1 1 3
4505 3 2 1 2 1 2 5
4465 2 0 1 2 1 2 4
4453 1 1 1 2 1 2 4
4459 1 0 1 1 1 1 3
4375 2 2 1 2 1 3 5
4449 2 1 1 2 1 3 4
4403 2 2 2 1 2 2 5
4409 3 3 1 3 2 4 6
4407 1 1 1 2 1 2 4
4466 2 1 1 1 0 2 4
4484 1 2 1 2 1 2 4
4371 1 0 0 1 2 1 3
4440 2 1 1 3 1 3 5
4393 0 0 1 1 1 1 3
4472 1 3 3 1 1 3 6
4488 1 1 1 2 1 2 4
4511 1 3 2 2 1 3 6
4474 0 1 1 0 0 1 2
4433 2 1 2 3 2 3 5
4425 2 1 2 3 1 3 5
4502 2 1 1 2 3 3 5
4412 3 1 1 4 2 4 7
4493 3 2 2 3 2 4 6
4397 4 4 1 3 1 4 8
4498 1 1 1 2 1 2 4
4429 1 1 1 2 1 1 3
4448 2 2 2 2 3 3 5
4410 2 1 1 2 1 2 4
4426 0 0 0 3 0 2 3
4419 1 1 1 1 1 1 3
4395 1 1 2 1 1 1 3
4420 2 2 2 3 1 3 5
4441 1 1 2 2 1 2 4
4383 3 3 1 3 1 4 7
4365 2 1 1 2 1 2 4
