4543 2 1 1 2 1 2 4
4575 3 2 2 2 1 3 6
4610 1 1 1 2 1 2 4
4556 1 1 1 2 1 2 4
4568 2 2 2 2 1 2 5
4527 2 1 1 1 1 2 4
4597 3 3 2 2 1 4 7
4638 3 3 3 3 2 4 7
4588 1 1 1 1 1 1 3
4573 1 0 0 1 0 1 3
4574 2 1 1 2 1 3 5
4660 3 1 1 2 2 4 6
4616 1 1 1 2 0 1 3
4658 1 1 1 2 1 2 4
4611 1 1 1 1 0 1 3
4549 2 2 1 2 1 3 5
4650 2 2 1 2 1 3 5
4662 1 1 2 1 1 1 3
4622 3 3 3 3 2 4 7
4559 1 2 2 2 1 2 4
4606 4 4 3 3 1 4 8
4631 0 0 0 1 0 0 1
4580 1 0 0 1 1 1 3
4628 1 1 2 1 1 2 4
4525 1 1 1 2 1 2 4
4637 2 2 2 2 1 3 5
4612 3 3 1 2 1 3 6
4538 2 3 1 2 1 3 5
4624 2 2 2 2 1 3 5
4627 1 0 0 1 1 1 2
4661 3 2 2 2 2 3 6
4609 1 0 0 1 1 1 3
4567 1 2 2 1 1 1 3
4601 1 1 1 1 1 1 3
4651 2 2 1 2 1 3 5
4539 2 2 1 2 1 3 5
4585 1 0 1 1 1 2 3
4530 1 2 1 1 0 2 3
4596 1 1 0 1 0 1 2
4521 4 4 4 3 2 4 8
4514 2 2 1 3 2 3 5
4534 3 1 1 3 1 4 6
4564 2 2 2 2 1 2 4
4613 2 2 1 2 1 3 5
4639 1 2 2 3 2 3 5
4647 1 1 1 2 1 2 3
4644 3 3 1 3 1 4 6
4619 2 2 2 2 2 3 5
4535 2 1 1 2 1 3 5
4581 3 2 1 1 0 1 3
4572 3 2 2 1 2 2 5
4531 3 1 2 2 1 4 6
4656 2 2 1 2 0 3 4
4555 2 2 1 2 1 3 5
4646 2 1 1 2 1 3 5
4563 0 1 0 0 0 0 1
4520 2 3 3 3 1 3 6
4632 2 2 1 2 1 3 5
4617 1 1 1 1 0 2 3
4544 3 1 1 2 1 3 5
4615 3 3 2 2 1 3 6
4524 3 3 3 2 1 3 5
4561 3 2 2 3 1 4 6
4605 1 1 1 1 1 1 3
4643 1 1 1 1 0 2 4
4599 2 2 1 1 0 1 3
4551 3 3 1 2 1 3 5
4591 2 1 1 1 1 2 4
4603 2 3 3 2 1 1 4
4550 1 1 1 2 1 2 4
4636 3 2 1 3 1 3 5
4576 1 1 1 1 1 2 3
4522 1 1 1 1 0 1 2
4518 1 1 1 2 1 2 4
4657 1 1 1 1 0 2 3
4654 1 1 1 2 1 2 3
4607 2 1 2 3 2 3 5
4629 2 1 2 2 2 3 5
4577 1 1 1 1 0 1 3
4663 1 1 1 1 1 1 3
4545 1 1 1 1 0 2 3
4516 1 0 1 1 0 1 2
4583 1 1 1 1 1 2 3
4664 1 1 1 1 0 2 3
4566 3 2 2 3 1 4 7
4536 2 2 2 2 1 3 5
4623 0 0 0 1 0 2 4
4578 3 2 2 3 1 3 6
4542 1 1 1 1 1 1 3
4598 2 2 2 1 1 2 4
4515 2 2 2 2 1 3 5
4590 1 1 1 1 0 1 3
4640 1 1 1 1 1 2 4
4635 2 1 2 1 1 2 4
4553 0 1 2 1 1 2 4
4537 3 1 1 1 0 1 3
4655 3 1 3 2 1 3 5
4528 2 2 1 2 1 2 4
4532 3 2 2 2 2 3 5
4523 3 3 2 3 1 4 6
4592 2 2 2 2 1 2 4
4548 2 3 1 1 1 3 5
4625 1 1 1 2 1 3 5
4595 1 0 1 1 1 2 3
4608 0 0 0 1 1 1 2
4641 3 1 2 3 1 4 6
4533 1 0 0 1 0 1 2
4604 1 1 1 2 0 1 3
4614 2 2 1 2 1 3 5
4526 3 1 2 2 2 3 5
4546 2 3 2 2 1 3 5
4630 4 4 3 2 1 2 6
4579 2 1 1 2 2 2 4
4642 1 1 1 1 0 1 2
4517 2 1 1 2 1 3 5
4659 2 1 1 2 1 3 5
4652 1 1 1 1 0 2 3
4560 1 1 2 2 1 2 4
4547 2 2 2 2 1 3 5
4558 1 2 3 2 1 3 5
4529 3 3 1 2 2 4 6
4557 1 1 2 2 1 2 4
4584 2 2 1 2 0 3 5
4571 2 2 2 2 1 3 5
4587 3 3 2 3 3 4 6
4540 3 2 2 2 2 3 5
4649 0 1 1 1 0 1 3
4594 0 0 1 2 1 2 3
4582 2 1 1 2 0 2 4
4541 2 1 1 2 1 3 5
4589 1 1 1 1 1 2 4
4565 1 1 2 2 1 2 4
4634 2 0 2 2 1 2 4
4633 2 2 1 2 1 3 5
4600 1 1 1 2 1 2 4
4569 1 4 3 2 1 3 6
4648 1 1 1 2 1 2 3
4626 2 2 2 2 1 3 5
4602 0 0 0 1 0 1 2
4554 1 1 1 1 1 1 3
4593 0 0 1 1 1 1 2
4645 2 0 2 1 1 2 4
4653 2 2 1 2 0 3 5
4621 2 2 1 2 2 3 5
4562 1 2 2 1 1 2 4
4519 0 0 0 1 0 2 4
4586 1 1 1 2 1 2 4
4570 1 1 0 1 0 1 2
4618 3 1 1 3 1 4 7
4552 1 1 1 2 1 2 4
