4709 1 1 1 2 1 2 4
4695 3 1 1 3 2 4 6
4689 2 1 1 2 1 2 4
4716 3 4 1 3 1 4 8
4770 2 2 1 2 2 2 5
4683 1 1 1 1 0 0 2
4761 1 0 1 2 1 2 4
4691 2 2 1 3 2 3 5
4753 3 2 1 2 1 2 5
4805 3 1 1 3 1 4 6
4792 2 1 1 2 1 2 4
4676 1 1 1 2 2 2 4
4710 1 0 1 1 1 1 3
4755 3 2 2 3 1 4 6
4669 1 1 1 2 1 2 4
4698 3 3 2 3 2 4 7
4813 1 2 1 1 0 1 3
4796 3 3 2 3 1 4 6
4719 1 1 1 2 1 2 4
4793 1 2 2 1 1 1 3
4794 2 1 1 2 1 2 4
4697 3 2 2 2 1 3 5
4708 1 0 0 1 1 1 3
4699 3 3 1 3 1 4 6
4670 2 1 1 2 1 2 4
4799 2 4 2 3 1 3 6
4786 2 3 2 2 2 3 6
4736 3 1 2 3 3 3 6
4707 1 0 0 1 1 0 2
4769 2 1 0 1 0 1 3
4711 3 2 2 3 1 3 6
4797 2 1 1 2 1 2 4
4811 0 0 0 0 0 0 1
4800 1 1 1 2 1 3 4
4806 1 1 1 2 1 1 3
4744 2 1 1 2 1 2 4
4718 1 1 1 1 0 1 3
4752 1 1 1 2 1 2 4
4778 1 0 0 1 1 1 3
4785 0 0 0 0 0 0 1
4677 3 2 1 3 1 3 6
4802 1 1 1 2 1 2 4
4729 2 2 1 3 2 3 5
4775 2 1 1 2 1 2 4
4692 3 1 1 3 1 3 6
4815 3 3 2 3 2 4 7
4771 1 0 1 1 1 1 3
4733 2 1 1 2 1 2 4
4767 2 2 1 2 1 2 4
4682 2 2 1 3 2 3 5
4701 2 2 2 2 1 3 6
4734 1 1 1 2 1 2 4
4703 2 2 1 2 1 3 5
4702 2 3 1 2 1 3 5
4722 1 2 1 2 1 2 4
4784 0 1 1 1 1 1 2
4814 2 1 1 2 1 3 5
4681 1 1 1 2 1 2 4
4780 2 3 2 2 1 3 5
4798 2 1 2 1 1 2 4
4809 1 2 2 1 1 2 4
4803 2 3 2 3 2 3 6
4690 3 3 2 3 2 4 7
4687 0 1 0 1 1 1 2
4812 1 0 1 2 0 2 3
4783 2 2 2 2 1 3 5
4696 1 1 1 2 1 2 4
4738 1 1 1 1 0 1 3
4679 3 3 2 2 1 2 5
4749 1 1 2 2 1 2 4
4693 3 4 2 3 2 4 8
4672 0 0 0 2 0 3 4
4750 1 1 1 1 0 1 3
4704 0 0 0 1 0 0 1
4721 3 3 2 3 1 3 6
4765 3 3 1 3 2 4 7
4759 1 2 1 2 1 2 4
4762 0 0 0 1 0 1 2
4730 1 2 1 2 1 3 4
4747 1 1 1 2 1 2 4
4740 2 2 1 3 2 3 6
4751 3 3 3 2 1 2 6
4731 1 2 1 2 1 2 4
4723 1 1 0 2 1 1 3
4757 2 3 2 2 1 2 5
4777 3 2 2 2 1 3 6
4741 1 0 0 1 1 1 3
4774 2 1 3 2 1 3 5
4713 1 1 1 1 1 2 3
4685 3 2 1 3 2 3 5
4746 2 1 1 2 1 3 5
4808 1 1 2 2 1 3 5
4700 1 0 1 1 1 1 3
4726 1 1 1 2 1 2 4
4727 0 1 0 1 0 1 2
4795 0 0 0 1 0 1 2
4712 1 2 1 1 1 2 4
4715 3 3 2 3 1 4 7
4737 1 2 1 1 1 2 4
4673 2 2 1 2 1 3 5
4665 2 2 2 2 1 3 5
4678 0 1 1 1 1 1 3
4668 1 2 1 2 1 2 4
4787 1 2 1 2 1 3 5
4686 1 1 2 2 1 2 5
4810 0 0 0 2 0 3 4
4732 2 1 1 2 1 2 4
4807 1 1 1 1 1 1 3
4773 1 1 2 2 1 2 4
4739 4 3 3 3 1 4 8
4779 3 1 1 3 2 4 7
4790 3 3 1 3 1 3 6
4781 0 1 0 2 1 2 4
4760 2 1 1 2 1 3 5
4745 1 2 2 2 1 3 5
4804 3 2 1 2 1 3 5
4788 2 2 3 3 1 4 6
4694 1 1 1 2 1 2 4
4754 1 1 1 2 1 2 4
4756 0 1 0 1 1 1 2
4667 2 1 1 2 1 2 4
4688 2 2 1 2 1 2 4
4801 2 2 1 2 1 2 4
4776 2 2 1 2 1 2 4
4675 1 2 3 2 1 3 5
4674 0 1 0 1 0 1 2
4705 2 2 1 1 0 1 3
4666 1 1 1 1 0 1 3
4742 1 1 1 2 1 2 4
4743 0 0 0 1 0 1 2
4680 1 0 1 1 0 1 2
4717 1 0 1 1 0 1 3
4684 0 1 1 1 1 1 3
4671 2 1 1 2 1 2 4
4714 2 2 2 2 1 3 5
4764 1 2 1 2 1 2 4
4758 2 2 1 2 1 3 5
4766 2 1 1 2 1 2 4
4706 2 1 1 1 1 2 4
4789 1 2 1 2 1 2 5
4725 1 1 1 2 1 2 4
4748 1 1 1 2 1 2 4
4720 3 3 2 2 1 3 6
4791 2 2 2 2 1 3 5
4772 1 1 1 0 0 0 2
4768 3 3 1 3 1 3 6
4735 1 0 0 1 1 1 3
4782 1 2 1 2 1 3 4
4728 2 2 2 2 1 3 5
4724 1 0 1 1 2 1 3
