4941 1 1 1 1 1 1 3
4909 3 3 1 2 1 3 6
4950 3 1 1 3 2 3 6
4855 2 2 1 3 2 3 5
4830 1 1 1 1 1 2 4
4901 3 2 2 2 1 3 5
4914 2 2 1 2 1 3 5
4889 4 4 2 3 2 4 8
4895 0 1 0 1 0 0 2
4933 3 2 1 3 1 3 5
4843 2 3 2 2 2 3 6
4960 2 2 1 2 1 3 5
4851 3 4 3 3 1 4 8
4874 2 1 1 2 0 2 3
4923 2 3 2 3 1 3 6
4898 1 0 0 1 1 1 3
4822 3 2 1 3 1 2 5
4871 1 0 1 1 1 1 3
4857 2 2 1 2 1 2 4
4912 1 1 1 2 2 2 4
4920 2 2 2 2 1 3 5
4892 0 0 1 2 1 2 4
4848 2 2 1 1 1 2 4
4852 3 3 2 3 1 3 7
4833 2 2 2 2 1 3 5
4864 1 1 1 2 3 2 4
4926 2 1 1 2 1 2 4
4919 2 2 1 2 1 3 5
4894 2 1 1 1 2 2 4
4913 1 3 3 2 1 3 6
4942 2 2 1 2 1 2 5
4927 2 2 1 2 1 3 5
4899 1 1 1 1 1 1 3
4943 3 2 2 3 1 4 6
4842 1 1 1 2 1 2 4
4893 3 2 2 2 1 3 5
4884 1 1 1 1 1 2 4
4911 1 2 2 1 1 2 4
4869 3 3 1 3 1 4 6
4902 0 1 0 0 0 0 1
4847 3 3 1 3 2 4 6
4837 1 0 0 1 1 1 3
4867 1 2 2 3 2 3 5
4939 1 1 1 1 0 2 3
4955 2 3 2 2 2 3 6
4907 2 2 1 3 2 3 6
4818 2 2 1 2 1 3 5
4924 2 2 2 2 1 2 5
4865 1 1 1 2 1 2 4
4956 2 1 2 2 1 3 5
4963 1 2 3 2 2 2 5
4826 3 3 1 3 1 4 6
4859 0 0 0 1 1 1 3
4938 2 2 1 2 1 3 5
4903 1 1 1 1 1 1 3
4928 3 3 3 2 2 3 6
4868 3 2 2 1 1 2 5
4951 3 2 1 2 1 3 6
4925 1 0 0 1 1 1 3
4900 3 2 1 3 1 4 6
4915 3 2 1 2 2 3 5
4853 1 0 0 0 1 1 2
4883 4 4 3 1 1 1 5
4835 1 1 1 2 1 2 4
4841 3 3 2 2 1 3 6
4949 4 4 2 3 1 4 7
4957 3 3 2 2 1 3 6
4846 2 2 2 2 2 3 5
4945 2 2 1 2 2 3 5
4958 3 2 1 3 1 3 6
4890 0 1 1 2 1 2 4
4860 2 3 3 2 1 2 5
4962 3 3 1 3 1 3 6
4849 2 1 2 3 3 3 5
4844 1 1 1 2 1 2 4
4897 2 2 2 2 2 3 5
4965 2 2 1 2 2 3 5
4936 1 1 1 1 0 1 3
4886 3 3 2 2 2 3 6
4906 1 1 2 2 1 2 4
4831 2 2 1 2 1 3 5
4888 3 3 1 3 1 3 6
4904 2 2 2 2 1 2 4
4819 3 3 3 3 1 4 7
4816 3 2 1 3 1 3 6
4832 1 1 1 1 0 1 3
4839 2 1 1 2 1 2 4
4896 1 1 1 1 1 2 3
4861 1 1 0 1 1 1 3
4891 3 2 2 2 1 3 5
4866 1 1 1 1 1 1 3
4875 3 3 2 2 1 3 5
4935 3 3 2 2 1 3 6
4858 3 2 1 2 1 3 6
4882 1 1 1 1 0 1 2
4929 1 1 1 1 1 1 2
4820 3 3 1 3 1 3 6
4880 1 1 1 2 1 2 4
4850 0 0 0 1 1 2 3
4827 2 2 2 2 2 3 5
4881 2 2 1 2 3 3 5
4944 1 0 0 1 1 1 3
4885 2 1 1 2 1 2 4
4917 2 2 1 2 1 1 4
4870 1 1 1 1 1 1 3
4825 1 1 1 0 0 0 1
4856 1 1 1 2 1 2 3
4931 0 1 1 1 1 1 3
4828 2 1 1 1 1 2 4
4946 2 2 2 3 1 3 5
4948 3 3 1 3 1 4 6
4845 2 2 1 2 1 3 5
4916 4 4 2 3 2 4 8
4872 3 3 3 3 1 3 6
4959 3 3 1 3 1 3 6
4937 1 1 1 1 1 1 3
4862 2 3 2 3 3 4 7
4953 3 2 1 2 1 3 5
4829 3 2 2 3 3 4 7
4964 2 2 1 2 1 3 5
4947 3 3 2 3 1 3 6
4817 2 2 1 2 1 2 4
4838 4 3 1 4 2 4 7
4878 1 1 1 1 1 2 3
4873 4 3 2 3 2 4 7
4821 2 2 2 2 2 3 5
4854 3 3 3 2 2 3 6
4952 0 0 1 1 1 1 3
4934 4 4 3 2 1 4 8
4879 3 3 2 3 1 4 7
4932 2 2 1 2 1 3 5
4908 1 2 1 1 0 1 3
4905 2 2 2 2 1 2 5
4954 2 1 1 2 1 3 5
4823 0 0 0 1 1 1 2
4940 1 2 2 2 2 2 4
4876 2 2 1 2 1 2 4
4834 2 2 2 2 1 3 5
4961 2 2 1 2 1 2 4
4863 2 2 1 2 1 3 5
4887 2 2 2 3 1 3 5
4840 1 1 1 2 1 2 4
4824 0 0 0 1 0 1 2
4921 1 2 1 1 1 2 4
4922 1 0 0 1 1 1 3
4877 3 3 2 3 1 4 6
4930 3 2 2 2 2 3 6
4836 2 2 1 3 1 3 5
4910 3 2 1 2 1 3 5
4918 3 2 1 3 2 3 6
