5000 2 1 1 2 2 3 5
5115 1 1 2 3 1 3 4
5028 2 2 1 2 1 3 5
5030 2 1 1 2 3 2 5
5026 2 2 1 1 1 2 4
4967 2 2 1 2 1 3 5
5023 3 2 1 2 1 3 6
5006 0 0 0 2 0 2 3
5079 1 0 0 1 1 1 3
4977 1 1 1 2 1 2 4
5104 0 0 0 3 0 2 3
5084 2 1 1 2 2 3 5
5097 0 1 1 3 1 2 4
5009 1 1 1 2 1 1 3
4971 1 1 1 1 1 1 3
5001 3 2 1 3 1 4 6
5112 2 2 0 1 0 1 3
5025 2 2 1 2 1 2 4
5035 4 3 2 3 1 4 7
5109 1 1 1 2 1 3 4
5016 2 2 1 2 2 3 5
5080 1 1 1 1 1 1 3
5090 2 1 1 2 1 3 5
5051 0 1 1 3 2 3 4
5007 2 2 2 2 1 2 4
5093 1 0 0 1 0 1 3
5036 2 2 1 2 1 2 4
4999 1 2 1 1 1 2 4
5048 2 2 1 2 1 3 5
4994 3 1 1 2 2 4 6
5012 2 3 1 2 1 3 5
5103 1 1 0 1 1 2 3
5057 1 1 2 2 1 3 5
4996 3 4 3 2 1 3 7
5064 3 3 1 3 2 4 7
4992 1 2 1 2 2 3 5
5047 1 1 1 1 1 2 4
5108 2 2 1 2 1 3 5
5022 1 1 2 2 1 2 4
4979 3 3 3 3 2 4 6
5096 0 0 0 2 0 2 3
5003 2 2 2 2 2 2 4
5046 2 2 2 2 1 3 5
4993 4 3 2 3 1 4 8
5078 0 1 1 0 0 0 2
5010 0 0 0 1 1 1 2
5060 3 3 3 3 1 4 7
5111 3 3 3 1 0 1 4
4982 1 0 0 1 0 1 3
5105 1 0 0 1 1 1 3
5019 2 1 1 1 1 2 4
4990 2 2 2 3 1 3 5
5059 2 1 0 1 1 2 3
5088 2 2 1 2 1 2 4
5062 2 1 1 1 1 2 4
5069 2 2 1 2 1 1 3
5056 3 3 2 2 1 3 5
4998 2 2 1 1 1 1 3
5008 3 4 2 3 1 4 7
5070 1 1 0 1 1 2 4
4988 3 3 1 3 2 4 7
5021 1 2 2 3 2 3 5
5083 0 0 0 2 0 2 3
4969 2 1 2 1 1 2 4
5110 1 2 1 1 0 1 3
5029 3 3 1 2 1 3 5
5034 0 0 0 0 0 0 1
4968 2 2 1 1 1 2 4
5086 1 1 1 1 1 2 3
5031 2 2 2 2 2 3 5
4989 1 0 0 1 0 1 2
5018 1 2 1 1 1 2 4
5015 4 4 2 3 1 4 8
5073 1 1 1 1 1 1 3
5014 1 0 1 1 1 1 3
4974 1 0 0 1 0 1 3
5050 3 3 1 2 1 2 5
5107 2 2 2 2 2 3 5
5098 3 2 2 2 1 3 5
4973 4 4 3 3 1 4 8
4987 2 2 2 2 2 3 5
5052 2 1 1 1 1 2 4
4981 3 3 2 1 0 2 5
5017 1 1 1 1 2 1 3
5067 1 1 1 2 2 2 4
5027 1 0 0 1 1 1 3
4975 0 1 1 1 1 1 3
5076 1 0 0 1 0 1 3
5100 1 2 1 2 1 2 4
4984 1 2 1 1 1 2 4
5039 1 1 1 1 1 2 4
4983 2 1 3 2 1 2 5
4978 2 1 1 2 2 2 4
5066 2 2 1 2 2 3 5
5011 1 1 1 1 1 2 3
5102 1 1 0 1 0 1 3
5043 2 1 1 2 2 3 5
5005 1 1 1 1 1 1 3
4991 3 3 1 2 1 4 7
5045 2 2 2 2 1 2 4
4976 2 1 1 1 1 2 4
5068 0 0 0 1 1 0 1
5049 3 3 1 4 2 4 7
5013 2 2 1 2 1 3 4
5040 3 3 2 3 1 4 6
5082 1 1 1 1 0 2 3
5077 2 2 1 1 1 2 4
5002 1 1 0 2 2 2 3
4966 0 1 1 1 1 1 3
5081 2 1 1 2 2 3 4
5094 1 1 1 1 1 2 3
5072 3 3 2 2 2 3 5
5044 2 1 0 2 2 2 4
4986 2 2 2 2 1 3 5
5075 1 1 1 1 1 2 4
5020 3 3 1 3 1 4 6
4995 1 0 1 1 2 2 3
5085 1 1 1 1 1 2 3
4997 1 1 1 2 1 2 4
5004 1 1 1 1 2 2 4
5087 1 1 1 2 3 2 4
5061 1 1 1 2 1 2 4
5041 3 4 2 2 1 3 6
5106 2 2 1 2 1 2 5
5055 1 0 0 1 1 1 2
5092 1 1 0 1 0 1 3
5113 1 2 1 2 2 2 4
5042 4 4 3 2 1 3 7
5063 2 1 1 2 1 3 4
4970 0 0 1 3 1 2 3
5038 2 2 2 2 1 3 5
5037 1 1 1 1 1 1 3
5099 0 0 0 1 0 1 2
5101 2 1 1 2 2 3 5
4972 1 2 2 2 1 2 4
5065 2 2 1 2 1 2 4
5074 2 2 1 2 1 3 5
5114 1 1 1 2 1 2 4
4985 2 1 1 1 0 1 3
5091 1 2 1 1 1 1 3
5058 2 2 3 2 1 2 5
5054 2 2 2 2 3 2 5
5032 2 2 2 2 1 2 5
5024 4 4 3 2 1 3 8
5089 1 1 2 1 1 1 3
5095 2 2 1 2 1 2 4
5071 1 1 1 1 1 1 3
4980 0 1 0 0 0 0 2
5033 0 1 0 1 0 1 2
5053 3 2 2 2 1 3 5
