5233 2 3 2 1 1 1 5
5152 2 3 3 2 2 3 6
5186 2 1 1 2 1 3 5
5242 1 1 0 1 1 1 3
5215 2 1 1 3 2 3 6
5227 2 3 2 2 2 3 6
5162 3 4 3 1 1 2 6
5168 3 2 2 3 1 3 6
5185 1 1 1 1 2 2 4
5133 2 1 2 2 1 3 5
5251 3 1 1 2 1 3 6
5134 2 1 1 2 1 3 5
5126 3 3 2 3 1 4 7
5230 1 2 1 1 1 2 4
5205 2 3 2 2 1 3 6
5229 2 1 2 2 1 3 5
5258 3 2 1 2 1 2 5
5237 1 2 3 2 2 2 5
5136 2 2 2 2 1 3 5
5190 1 1 1 1 1 1 3
5191 1 2 1 2 1 2 4
5236 1 0 1 2 1 2 4
5217 2 3 2 2 1 3 6
5163 0 0 1 3 1 3 4
5193 1 0 0 1 1 1 3
5218 2 3 2 2 1 3 5
5147 1 2 2 1 1 2 4
5167 1 1 1 1 1 1 3
5243 2 2 2 2 1 3 5
5198 2 1 1 3 1 3 5
5197 3 1 1 3 1 4 7
5117 2 1 1 3 2 4 6
5196 0 0 1 3 1 3 4
5261 1 1 2 2 1 2 4
5222 1 1 1 2 1 1 3
5149 2 2 3 2 1 3 6
5141 1 1 1 2 1 2 4
5137 1 1 2 1 1 2 4
5199 3 1 2 4 2 4 7
5164 4 4 2 3 1 4 8
5249 3 1 3 2 1 3 6
5202 3 2 1 3 1 3 6
5212 1 2 1 2 1 2 4
5226 0 0 0 2 0 1 3
5256 1 0 0 2 1 1 3
5128 1 1 1 2 1 2 4
5257 2 1 2 3 1 3 5
5235 3 3 2 3 1 4 7
5179 3 2 1 3 1 3 6
5143 2 2 1 2 1 3 5
5209 2 2 1 2 1 3 5
5121 1 0 0 1 1 1 3
5171 2 2 1 2 1 3 5
5220 0 0 0 0 0 0 1
5144 3 3 2 2 1 3 6
5139 2 2 1 2 1 3 5
5195 2 2 1 3 1 3 6
5219 0 0 0 3 0 3 4
5250 1 0 0 1 1 1 3
5223 2 2 1 2 1 3 5
5174 3 3 2 3 1 4 7
5254 2 2 2 2 1 3 5
5166 3 3 2 2 1 3 6
5225 0 0 1 2 1 2 3
5124 1 1 1 2 2 2 4
5211 3 2 2 3 2 4 7
5125 1 2 1 2 1 2 4
5262 2 2 1 3 1 3 5
5170 1 1 2 2 1 2 4
5247 2 1 1 2 1 3 5
5181 1 1 1 2 1 1 3
5188 2 1 2 3 3 3 5
5234 0 0 0 0 0 0 1
5118 2 2 1 3 1 3 5
5156 2 2 2 2 1 3 5
5264 1 2 2 1 0 1 3
5238 1 1 1 2 1 2 4
5131 2 1 1 2 1 3 5
5169 1 1 1 2 1 1 3
5213 1 1 1 1 1 1 3
5224 3 3 2 2 1 3 6
5148 2 1 3 3 3 3 6
5208 3 1 1 3 1 4 7
5239 2 1 1 2 1 3 5
5201 2 2 1 2 2 3 5
5259 3 2 1 2 1 3 5
5123 0 0 0 0 0 0 1
5130 2 2 2 2 1 3 5
5265 3 3 3 2 1 3 6
5153 2 1 2 2 1 3 5
5210 1 1 1 2 1 2 4
5178 2 2 1 2 1 2 4
5241 0 0 1 2 1 2 3
5245 0 1 0 0 0 0 2
5260 3 1 2 3 2 4 7
5228 1 1 1 1 1 1 3
5204 0 0 0 0 0 0 1
5177 1 1 1 2 1 2 3
5189 2 2 2 2 1 3 5
5145 1 1 1 2 1 2 4
5172 3 3 2 3 1 3 6
5240 0 0 0 0 0 0 1
5221 3 3 1 3 2 4 7
5183 3 3 2 2 2 3 6
5214 2 1 2 2 2 3 5
5216 1 1 1 2 1 2 4
5160 2 1 1 2 1 2 4
5192 2 1 1 2 1 2 4
5187 2 1 1 3 1 2 4
5248 3 4 4 3 3 4 9
5154 0 0 1 2 1 1 3
5180 0 2 2 1 0 1 3
5116 2 2 2 2 2 3 5
5127 2 1 2 2 1 3 5
5232 2 1 1 2 1 2 4
5165 1 2 1 1 1 2 4
5122 2 1 1 2 2 3 5
5120 3 3 2 2 1 1 5
5194 1 1 1 2 1 1 3
5146 4 4 1 1 2 1 3
5253 0 1 0 0 0 0 2
5200 4 4 4 2 1 1 6
5203 2 1 1 2 1 2 4
5231 2 2 1 2 1 2 4
5138 1 2 2 2 2 3 5
5161 3 1 2 3 1 4 7
5135 0 1 1 0 0 0 2
5150 1 1 1 2 1 2 4
5155 1 2 2 1 1 2 4
5140 4 3 1 2 1 2 5
5129 1 1 2 1 1 2 4
5157 0 0 1 2 1 1 3
5207 0 1 0 0 0 0 2
5173 1 1 1 2 1 2 4
5244 3 4 3 2 1 3 8
5246 2 2 1 2 2 3 5
5175 1 2 2 2 1 2 4
5159 1 1 1 2 1 1 3
5119 2 2 2 1 1 2 4
5151 1 2 1 1 1 2 4
5263 3 2 3 3 2 3 6
5184 2 1 1 3 2 3 5
5182 2 3 1 1 1 2 4
5158 2 1 1 2 1 3 5
5255 0 0 0 0 0 0 1
5176 0 1 1 2 1 1 3
5132 3 3 2 2 1 3 6
5206 3 2 3 2 1 3 6
5142 3 3 2 3 1 4 7
5252 2 2 2 1 1 2 4
