5274 3 1 2 3 2 3 6
5279 1 1 0 1 1 1 3
5271 2 2 1 3 3 3 5
5353 2 3 2 2 2 2 5
5298 1 1 0 1 1 1 2
5371 1 1 0 1 1 1 3
5356 2 2 1 3 2 3 5
5285 1 0 0 1 1 1 2
5287 1 1 0 1 0 1 3
5365 1 1 0 1 1 1 2
5369 2 1 0 1 1 1 2
5378 2 3 2 2 2 3 5
5359 1 2 1 3 2 3 5
5408 2 3 3 2 2 3 5
5304 2 2 2 3 2 3 5
5309 2 2 1 2 2 2 4
5307 3 1 1 3 2 3 6
5342 3 1 1 4 2 4 7
5296 2 2 2 2 2 2 4
5357 4 3 3 3 2 3 7
5413 0 1 1 3 1 2 4
5391 1 0 1 2 1 2 4
5368 1 1 0 1 1 1 2
5269 3 3 2 2 2 2 5
5335 1 3 3 2 1 3 5
5340 2 1 1 2 1 2 4
5305 3 2 2 3 1 3 6
5314 2 2 1 2 1 2 4
5329 3 2 2 3 1 3 5
5343 2 3 1 1 1 3 5
5415 3 1 1 2 1 3 5
5409 1 1 0 1 1 1 3
5330 0 0 0 2 1 2 3
5384 3 2 1 3 1 3 5
5289 0 1 1 2 1 2 3
5308 1 0 0 1 0 1 2
5400 0 0 0 2 1 2 3
5372 3 3 2 3 1 3 6
5326 2 1 1 2 1 2 4
5303 1 1 1 2 1 2 4
5273 2 1 1 1 1 2 4
5377 1 1 1 2 1 2 4
5385 3 2 2 2 2 3 4
5284 3 1 1 2 3 3 5
5297 2 2 1 2 1 2 4
5410 3 2 2 3 2 3 6
5300 2 2 1 3 2 3 5
5316 3 3 2 3 1 3 6
5341 1 0 0 2 1 2 3
5354 1 4 3 2 1 3 6
5315 4 3 3 3 2 4 8
5311 1 0 1 1 1 1 2
5367 0 1 1 3 1 2 4
5347 1 2 2 2 2 2 4
5268 3 3 2 3 1 3 6
5398 0 0 0 2 1 3 4
5405 1 2 1 2 1 2 4
5370 3 2 2 3 1 4 6
5364 2 2 2 3 2 3 5
5376 0 1 1 3 1 2 4
5399 0 0 0 0 0 0 1
5281 3 3 2 2 1 2 5
5334 0 0 0 2 1 2 3
5402 2 1 1 2 1 2 4
5294 2 2 1 2 0 3 5
5411 3 3 2 3 2 3 6
5319 3 2 1 3 1 3 6
5366 1 1 1 2 1 2 3
5361 1 1 0 2 1 2 4
5355 2 2 1 2 2 2 4
5331 1 0 1 1 2 1 3
5306 2 1 1 2 1 2 4
5278 2 2 2 3 1 3 5
5312 2 3 2 3 1 3 6
5321 2 2 1 2 1 3 5
5392 2 2 2 2 1 2 4
5338 2 3 3 2 1 3 5
5322 2 1 1 2 1 3 5
5379 0 0 0 2 1 2 3
5404 0 0 1 1 1 1 2
5350 1 1 1 1 1 1 3
5363 4 4 3 2 1 3 8
5266 3 2 2 3 2 3 6
5416 2 1 2 3 2 4 6
5276 2 2 1 3 2 3 6
5277 3 1 1 3 3 3 6
5373 1 1 0 1 1 1 3
5407 2 2 2 2 1 2 5
5381 2 1 1 2 1 2 4
5320 3 3 2 3 2 3 6
5389 3 2 1 3 1 3 6
5323 2 2 2 2 1 3 5
5295 1 1 1 0 1 1 3
5291 0 0 1 2 1 1 3
5275 2 1 1 2 2 2 4
5310 3 1 1 3 2 3 6
5301 2 2 3 3 2 3 5
5401 2 2 2 2 1 2 4
5348 1 2 2 2 2 2 4
5406 3 2 2 2 1 2 5
5346 1 0 0 1 2 1 2
5360 2 1 2 3 1 3 5
5283 1 2 2 2 1 2 4
5417 3 2 2 3 2 3 6
5302 2 1 1 2 1 2 4
5270 0 1 0 2 1 2 3
5412 2 2 2 3 2 3 5
5397 2 2 1 1 1 1 3
5272 1 1 1 1 1 1 3
5387 4 3 2 3 1 3 7
5327 3 2 1 3 1 3 6
5282 2 1 1 2 1 2 4
5280 2 1 1 2 1 2 4
5267 3 2 2 3 1 3 6
5383 3 2 2 3 1 3 6
5318 2 3 2 3 2 3 5
5339 1 1 0 2 0 2 3
5396 2 3 2 2 2 3 5
5388 3 3 2 2 1 3 6
5290 1 1 1 2 1 2 4
5324 2 1 1 2 1 2 4
5286 2 1 1 2 1 3 4
5344 2 2 2 3 1 3 5
5345 3 3 2 4 3 4 6
5403 1 2 2 2 1 2 4
5299 3 2 2 2 3 3 6
5352 3 3 3 2 1 2 4
5325 3 2 2 3 1 3 6
5382 2 3 3 2 1 3 5
5337 2 1 1 2 1 3 4
5333 3 2 1 2 2 2 5
5328 3 3 2 3 1 4 6
5313 1 2 2 2 1 3 5
5393 3 2 1 3 1 3 5
5395 0 0 0 1 0 1 2
5336 0 1 2 2 2 2 4
5293 2 2 2 1 1 2 4
5414 1 1 2 1 1 1 3
5375 2 2 1 2 1 2 4
5288 1 2 1 2 1 2 4
5362 3 2 1 3 2 3 6
5394 1 4 3 1 1 2 5
5380 3 3 2 3 2 3 6
5332 1 2 2 1 1 1 3
5349 2 2 1 2 1 2 4
5292 3 1 1 2 3 1 4
5386 4 3 1 2 1 3 6
5317 2 2 3 1 1 2 4
5390 3 3 2 3 1 3 6
5374 1 1 1 2 3 2 4
