5457 2 2 2 2 1 2 5
5554 3 3 2 3 1 3 7
5481 1 2 0 1 0 1 3
5566 2 1 1 3 1 3 5
5552 1 1 1 2 1 2 4
5517 3 2 2 3 1 3 6
5532 2 2 1 3 1 3 5
5528 2 2 1 2 2 3 5
5542 1 1 1 1 2 2 4
5482 1 1 1 1 1 1 3
5526 2 2 1 3 1 3 5
5557 1 1 0 1 0 1 2
5514 1 0 0 1 0 1 3
5544 2 2 1 2 1 2 5
5549 3 2 1 2 2 3 6
5551 2 2 2 2 1 3 6
5427 1 1 1 1 0 1 3
5474 1 1 1 1 1 1 3
5428 4 4 3 3 1 4 8
5538 1 1 1 1 0 1 2
5479 3 2 2 3 3 4 7
5560 1 1 1 2 1 2 4
5512 3 3 2 2 1 3 6
5440 2 2 1 3 2 3 5
5504 1 1 1 2 1 2 3
5546 1 1 0 1 1 1 3
5425 1 1 1 2 1 2 4
5464 1 2 2 1 1 2 4
5498 1 0 1 1 1 1 3
5439 2 3 2 1 2 3 5
5434 1 0 0 1 1 1 3
5499 3 3 3 3 2 4 7
5527 3 3 2 3 1 4 7
5433 1 1 1 2 1 2 4
5444 1 2 1 2 1 2 4
5480 1 1 1 1 1 1 3
5447 1 1 1 1 0 1 3
5431 2 2 1 3 1 3 5
5518 2 3 1 2 1 2 4
5539 2 2 2 2 1 3 5
5418 2 3 2 2 1 3 5
5565 2 2 1 2 1 3 5
5534 2 2 2 2 1 3 5
5466 2 2 1 2 1 2 5
5422 0 0 0 3 0 3 4
5423 2 2 1 2 2 2 4
5458 3 3 2 3 1 3 6
5545 2 2 2 2 3 3 5
5511 3 3 2 4 2 4 7
5442 1 1 1 1 1 1 3
5475 3 3 2 2 1 4 6
5536 2 2 1 3 1 3 5
5505 2 2 1 2 2 3 5
5485 2 2 1 2 1 3 5
5460 2 3 1 1 0 1 3
5419 1 3 3 2 1 2 5
5421 2 2 1 3 1 3 5
5437 3 2 1 2 2 3 5
5484 1 1 1 1 1 2 3
5506 3 2 2 3 2 3 6
5449 3 3 2 3 1 4 6
5491 4 4 3 3 1 4 8
5461 2 2 1 1 1 2 4
5495 2 1 1 2 1 2 4
5564 1 1 1 1 1 1 3
5476 2 1 1 2 0 1 3
5467 2 2 2 2 1 2 4
5515 1 1 0 1 0 1 2
5420 3 3 2 3 2 4 7
5530 3 3 3 2 1 3 6
5459 1 1 1 2 1 2 4
5477 3 3 2 3 2 4 6
5430 1 0 0 1 0 1 3
5520 3 3 2 3 3 4 7
5424 1 1 1 1 0 1 3
5507 1 1 1 2 0 2 3
5453 1 1 1 1 1 1 3
5562 0 0 0 3 0 3 4
5463 2 2 1 3 1 3 5
5438 1 1 1 1 0 1 3
5462 2 2 1 2 1 2 5
5470 1 1 1 2 0 2 3
5471 4 4 4 3 1 4 8
5502 2 2 1 1 0 1 3
5490 1 1 1 2 0 2 3
5563 2 2 2 2 1 3 5
5529 2 2 2 2 1 3 5
5519 1 1 1 2 1 2 4
5446 1 1 1 2 1 2 4
5535 2 2 1 1 1 2 4
5494 2 1 1 1 1 2 3
5521 4 4 3 3 1 4 7
5454 3 2 2 3 1 3 6
5486 2 2 1 3 2 3 6
5441 1 1 1 2 1 2 4
5443 2 2 1 2 1 2 4
5523 1 2 1 2 1 2 4
5468 1 1 1 2 1 3 4
5478 3 3 2 2 1 3 6
5522 1 2 1 2 1 2 4
5451 1 1 1 1 0 1 3
5456 1 1 1 2 1 2 4
5553 1 1 1 2 0 2 3
5567 2 3 3 2 1 3 5
5510 2 2 1 2 1 3 5
5488 3 2 2 2 1 3 5
5541 1 2 2 2 1 3 4
5543 1 1 2 2 1 3 5
5487 3 3 2 3 1 4 7
5426 4 4 3 3 3 4 8
5525 2 2 1 3 2 3 5
5448 1 1 1 1 0 1 3
5473 2 2 2 1 1 2 4
5472 1 1 1 2 0 2 3
5559 2 3 2 2 1 3 5
5496 1 1 1 3 1 3 5
5540 1 0 0 1 1 1 3
5489 2 2 2 1 0 1 3
5561 3 3 2 2 1 3 6
5500 1 0 0 1 0 1 2
5493 3 3 2 3 1 3 6
5452 1 2 2 2 1 3 5
5445 2 3 2 2 1 3 5
5555 1 1 1 1 1 2 3
5436 2 2 1 2 2 2 4
5548 2 2 2 2 1 3 5
5509 3 3 2 3 1 3 6
5547 2 2 2 2 1 2 4
5503 3 3 3 2 1 3 6
5533 1 1 1 1 0 1 3
5469 0 0 0 3 0 3 3
5558 1 0 1 1 1 1 3
5508 2 2 1 2 1 2 4
5455 2 1 1 2 1 2 4
5435 2 2 1 1 0 1 3
5524 3 2 2 2 1 3 6
5497 1 1 1 1 1 2 4
5537 2 2 2 2 2 3 5
5465 1 1 1 1 1 2 3
5531 1 1 1 2 0 2 3
5492 2 2 1 2 1 2 4
5516 2 2 2 2 2 3 5
5483 2 2 1 3 1 3 5
5556 1 1 1 2 1 2 3
5550 1 2 1 2 1 2 4
5450 1 1 1 2 0 2 4
5513 3 1 1 2 1 4 6
5429 1 1 1 1 1 2 3
5501 1 1 0 1 0 1 2
5432 1 1 2 2 1 3 4
