5577 2 2 1 1 1 2 4
5664 0 0 0 3 1 3 4
5673 1 1 0 1 1 1 3
5663 3 2 1 2 1 3 6
5714 3 3 1 3 2 4 7
5586 1 1 1 1 1 1 3
5696 3 3 1 3 1 3 6
5703 3 4 2 3 3 4 7
5646 1 0 1 1 1 1 3
5634 1 1 0 2 1 2 4
5706 3 2 1 3 1 3 5
5570 2 1 0 2 1 2 4
5608 2 2 1 3 1 3 5
5593 1 1 1 2 1 2 4
5695 1 1 1 2 1 2 4
5623 3 4 3 3 2 4 8
5718 2 2 1 3 1 3 5
5668 1 3 2 2 1 3 6
5650 2 2 1 2 2 3 5
5599 0 0 0 0 0 0 1
5709 1 1 0 2 1 2 4
5581 4 4 3 3 1 4 8
5615 2 1 1 2 1 3 5
5645 2 2 1 3 1 3 5
5637 2 1 1 1 2 2 4
5619 3 3 2 3 2 3 6
5631 1 2 2 2 1 2 4
5632 1 0 1 1 1 2 3
5686 2 1 1 2 1 3 5
5656 1 1 0 1 1 1 2
5633 2 1 0 2 1 2 4
5693 1 2 1 2 2 3 5
5682 3 2 2 3 2 3 6
5580 1 1 1 2 2 3 5
5691 2 1 1 2 1 2 4
5583 2 1 1 2 1 2 4
5684 1 1 1 2 0 2 4
5636 2 3 1 2 2 3 6
5702 3 2 2 3 1 4 6
5613 3 2 2 3 2 3 6
5698 0 1 1 1 0 1 2
5600 1 2 1 3 2 3 5
5658 0 1 0 0 0 0 1
5657 3 2 2 3 1 3 6
5711 3 3 1 3 1 3 5
5643 0 2 2 1 0 1 3
5614 2 2 1 3 2 3 5
5576 3 2 2 3 2 3 6
5601 3 2 2 3 1 4 7
5589 2 3 2 3 2 3 6
5597 2 2 1 2 1 2 5
5612 2 3 2 3 2 3 6
5584 0 1 1 2 1 2 3
5707 1 1 0 1 0 1 3
5578 3 3 1 3 1 4 8
5592 0 1 1 2 1 2 4
5582 3 3 2 3 1 4 7
5704 1 1 1 1 1 1 3
5574 2 2 1 3 2 3 6
5591 2 1 0 2 1 3 4
5609 3 3 2 4 3 4 7
5697 3 3 2 2 1 2 6
5621 3 3 2 3 2 3 6
5675 1 1 0 2 1 2 4
5610 2 1 1 2 1 2 5
5640 3 2 2 3 1 3 6
5620 0 1 1 1 1 1 3
5590 3 2 2 3 1 3 6
5690 1 1 0 2 0 2 4
5598 2 2 1 2 1 3 5
5647 1 0 1 1 1 3 4
5716 1 1 1 1 1 1 3
5694 2 2 1 3 1 3 5
5665 3 3 1 3 1 3 5
5680 1 1 0 2 0 2 4
5651 2 1 1 2 1 3 5
5639 3 3 3 1 1 2 4
5628 2 2 1 3 1 3 5
5625 2 1 0 3 1 3 4
5713 0 0 0 3 0 1 2
5572 0 1 1 3 2 3 5
5683 3 3 1 3 1 4 7
5594 2 1 2 2 3 3 5
5666 1 2 1 1 1 2 3
5710 3 2 2 3 2 4 6
5689 0 0 0 3 1 2 3
5635 3 2 2 3 3 4 6
5654 2 2 1 2 1 3 5
5641 0 0 0 3 0 1 2
5579 1 1 0 2 0 2 3
5662 0 0 0 3 1 3 4
5667 2 1 1 2 0 2 4
5659 0 2 1 2 1 2 4
5575 1 1 0 2 0 2 3
5671 1 0 1 1 1 2 3
5603 2 2 2 2 3 3 5
5712 2 2 1 3 1 3 5
5699 1 1 1 2 0 2 4
5617 2 3 2 2 1 3 6
5669 1 2 2 2 1 2 4
5588 0 1 1 2 1 1 3
5629 3 2 1 2 1 2 5
5708 1 1 0 2 0 2 3
5571 2 1 2 2 2 2 4
5685 1 0 1 1 1 2 3
5688 2 3 2 3 2 3 6
5587 3 2 1 3 1 4 6
5630 2 2 1 2 1 2 4
5701 1 0 0 1 1 1 2
5715 2 3 2 2 1 3 6
5604 2 2 1 2 2 3 5
5652 2 2 2 3 1 3 5
5596 4 4 1 3 1 4 8
5677 2 2 1 2 1 3 5
5681 1 1 1 1 0 1 3
5595 1 1 1 2 1 2 3
5638 2 1 0 3 1 3 5
5606 0 0 0 0 0 0 2
5670 3 2 1 3 1 3 5
5605 2 2 1 2 1 2 4
5644 2 2 1 2 1 3 5
5661 0 1 1 0 0 0 1
5622 1 1 1 2 1 2 4
5624 2 2 1 3 1 3 6
5678 2 1 1 2 1 3 5
5616 2 2 2 2 1 2 4
5676 2 2 1 2 1 3 5
5642 3 2 2 2 1 4 6
5568 2 2 2 3 2 3 6
5585 0 2 0 1 0 1 2
5679 3 2 2 4 1 4 7
5573 0 0 0 3 0 3 4
5602 3 2 2 3 2 4 6
5700 2 2 1 3 1 3 5
5717 0 1 1 3 1 2 3
5618 2 2 0 2 1 2 4
5649 0 1 0 0 0 0 1
5607 2 1 0 2 0 2 4
5611 1 1 1 1 2 1 3
5674 0 0 0 1 0 0 1
5627 0 1 1 1 1 1 3
5569 1 1 0 2 0 2 3
5626 2 1 0 2 0 2 4
5653 2 1 0 2 0 2 4
5660 0 0 1 2 0 1 2
5655 3 3 2 3 1 4 7
5687 3 2 2 3 1 4 6
5672 1 0 1 1 1 2 3
5705 1 1 2 2 1 2 4
5648 1 1 0 2 0 2 3
