5843 3 2 1 2 1 3 6
5774 0 0 0 2 0 2 4
5730 2 2 1 2 1 2 5
5769 3 2 2 2 1 3 6
5861 2 2 1 3 1 3 5
5770 2 1 1 1 2 2 4
5788 2 2 1 2 1 3 5
5821 1 2 1 2 1 2 4
5773 3 3 2 3 2 3 6
5728 2 2 1 1 1 2 4
5761 2 2 1 2 2 3 6
5794 1 0 1 2 1 2 4
5822 2 2 1 3 1 3 5
5758 2 0 1 2 1 2 4
5778 1 2 1 1 2 2 4
5798 2 1 1 2 1 2 4
5839 1 1 2 1 1 2 4
5818 3 3 2 3 1 1 5
5858 0 0 0 1 0 1 2
5787 1 2 2 2 2 3 5
5722 1 2 1 1 1 2 4
5813 3 3 1 3 1 3 6
5865 3 3 3 2 2 4 7
5838 2 2 1 1 1 2 5
5781 2 1 1 1 0 2 4
5854 2 3 2 3 2 4 7
5823 3 3 1 2 1 1 5
5851 0 0 0 1 0 1 3
5790 4 4 3 3 2 2 7
5827 3 2 2 2 1 3 6
5720 0 1 1 1 0 1 2
5832 1 0 1 1 1 1 3
5834 3 3 1 3 2 4 6
5825 1 1 0 1 0 1 3
5805 2 2 1 2 1 3 5
5772 2 1 1 2 0 2 4
5741 1 1 1 1 0 1 3
5819 0 3 2 1 1 2 4
5759 2 1 2 2 1 3 5
5812 2 2 1 2 1 3 5
5733 0 0 1 1 1 1 3
5802 1 2 1 1 1 2 4
5751 2 0 0 2 0 2 4
5863 1 1 2 2 2 3 5
5855 4 4 2 3 1 4 8
5842 0 0 1 1 1 2 3
5736 2 1 2 2 1 3 5
5750 2 1 2 3 1 3 5
5726 3 3 1 3 1 3 6
5853 2 2 2 2 1 3 5
5724 2 1 1 2 2 3 5
5840 1 1 1 1 1 1 3
5801 1 1 2 2 0 3 5
5860 2 1 1 2 1 2 4
5836 0 2 2 1 1 2 4
5817 2 3 2 2 3 3 6
5847 3 3 2 2 1 1 5
5797 3 3 1 3 1 3 6
5742 3 2 1 2 1 3 6
5780 0 0 1 2 1 2 3
5739 4 4 3 3 1 3 8
5816 1 0 0 2 0 2 3
5850 2 2 1 2 2 3 5
5866 0 0 1 2 1 3 4
5830 0 0 0 2 0 1 3
5803 1 1 0 1 0 1 3
5837 1 1 1 1 1 2 4
5723 2 2 1 2 2 3 5
5727 2 1 2 3 1 3 5
5766 2 2 1 2 1 2 4
5811 3 3 1 3 1 3 6
5841 1 1 2 1 1 2 4
5753 1 0 0 1 2 2 3
5844 2 3 1 2 1 3 5
5815 3 4 3 3 1 4 7
5864 2 1 1 2 1 3 5
5829 3 1 1 3 1 3 5
5752 2 1 1 2 1 3 5
5775 2 2 1 2 1 3 5
5779 2 2 2 2 2 3 5
5789 1 1 1 2 2 3 5
5792 2 2 1 2 1 3 5
5755 3 3 2 3 3 3 6
5862 1 0 1 2 1 2 4
5831 0 0 0 1 0 1 2
5760 3 3 3 2 3 4 7
5791 1 1 1 1 0 2 4
5809 1 2 1 2 1 2 4
5721 3 4 2 3 1 3 7
5796 2 2 1 1 0 2 4
5859 0 0 1 1 1 2 3
5852 1 1 1 2 1 2 4
5776 2 2 1 2 1 2 5
5740 2 0 0 2 0 1 3
5738 3 3 2 2 1 3 6
5763 3 3 1 3 1 3 6
5747 1 2 1 2 1 2 4
5786 2 3 1 1 1 1 3
5795 2 3 1 3 1 3 6
5800 1 0 0 1 1 1 3
5784 2 0 1 2 0 2 4
5808 1 1 1 1 1 2 3
5756 1 1 2 1 1 2 4
5746 2 2 1 2 1 3 5
5849 2 3 1 2 1 3 6
5868 1 1 0 1 0 1 3
5749 2 1 1 2 1 2 4
5754 2 4 3 1 1 3 6
5732 1 1 0 2 0 2 4
5810 3 2 1 2 1 3 5
5828 3 2 1 2 1 3 5
5804 1 0 1 2 2 2 4
5764 2 1 1 1 0 1 3
5783 2 3 2 2 1 3 6
5737 3 1 1 2 1 2 4
5782 0 0 1 1 1 0 1
5762 2 2 2 2 1 3 6
5846 3 4 3 1 1 1 5
5869 3 3 2 2 1 1 5
5771 3 1 1 1 1 2 4
5845 3 3 2 3 1 4 7
5743 0 1 1 1 1 1 2
5767 2 1 1 2 0 2 4
5857 3 3 1 3 1 4 7
5757 2 3 2 2 1 3 6
5826 4 3 2 2 1 2 5
5824 1 3 1 1 2 3 5
5777 4 4 2 3 2 4 8
5856 1 1 1 2 0 2 4
5785 0 0 0 1 0 0 2
5748 2 2 1 2 1 3 5
5807 2 1 2 3 1 3 5
5833 1 3 2 1 1 3 6
5835 1 0 1 1 1 2 4
5734 2 2 1 2 2 3 5
5719 2 2 1 1 0 2 4
5731 3 4 1 3 1 4 7
5820 0 3 2 0 1 1 3
5814 1 1 1 1 1 1 3
5744 1 1 1 1 0 1 3
5765 0 1 1 1 1 1 2
5867 0 1 1 1 1 1 3
5848 2 1 1 2 1 4 6
5793 0 0 1 1 1 0 2
5806 3 1 1 2 0 3 5
5768 1 0 0 1 0 1 3
5799 1 1 1 1 0 0 2
5735 2 1 1 2 1 2 4
5725 2 1 1 2 1 2 4
5729 3 2 2 2 1 4 6
