5954 1 1 1 2 2 2 4
5911 2 1 1 2 1 2 4
6009 1 2 2 2 1 2 5
5870 2 2 1 2 2 2 5
5984 4 4 3 3 2 4 9
5896 3 3 1 3 2 4 7
5895 0 0 0 1 0 1 3
5916 2 1 1 2 1 2 4
5926 1 1 1 1 1 1 3
5904 3 2 1 3 2 4 7
5908 2 2 2 2 1 3 5
5953 0 0 0 0 0 0 1
5952 0 0 0 1 0 0 2
5880 2 2 1 3 1 3 6
5886 4 4 1 3 1 4 8
5974 2 1 1 2 1 2 4
5970 1 1 1 1 1 1 3
5969 2 2 2 3 1 3 6
5901 0 0 0 1 0 2 3
5964 0 0 0 1 1 1 3
5922 2 2 1 2 1 3 5
5993 2 1 2 1 1 2 4
6011 2 2 2 2 2 3 6
5972 1 1 1 2 0 2 4
5959 0 0 0 0 0 0 1
5893 3 2 1 3 1 3 6
5913 2 2 2 2 2 3 5
6010 1 1 2 2 1 2 4
5889 2 1 2 2 1 3 5
5942 1 1 1 1 1 2 4
5915 1 2 1 1 1 2 4
5892 1 1 1 1 1 1 3
6019 2 2 1 3 1 3 5
5996 1 1 1 1 1 1 3
6000 1 1 2 1 1 1 3
5872 3 2 2 3 1 4 7
5978 1 1 1 1 1 2 4
5912 2 2 2 3 1 3 6
6004 1 2 2 2 1 3 5
5979 2 2 1 2 1 3 5
5910 1 2 2 2 1 2 5
5934 2 1 1 2 2 3 5
5988 1 1 1 1 2 2 4
5989 0 0 0 1 0 2 3
5948 2 2 1 1 1 2 4
5985 3 4 3 2 0 2 6
5947 3 2 1 3 1 3 6
5986 3 2 1 3 2 4 7
5938 1 1 1 1 0 1 3
5885 3 3 2 3 1 4 6
5982 1 0 0 1 1 1 3
5955 0 1 0 2 1 1 3
5936 3 1 1 3 2 4 6
5971 1 1 1 1 1 2 4
6008 0 0 0 1 2 1 3
5983 2 1 1 2 2 2 5
6007 2 2 2 2 2 3 6
5905 0 0 0 1 0 2 3
5961 0 0 0 1 0 2 3
6006 0 1 1 3 1 3 5
5958 0 0 0 0 0 0 1
5898 2 2 2 2 1 3 5
5899 1 1 1 1 0 1 3
5890 2 3 2 3 1 3 6
6003 1 2 2 1 0 2 5
5923 3 3 1 2 2 3 6
5883 1 0 0 1 1 1 3
6014 1 1 1 2 1 2 4
5975 0 0 0 1 0 1 3
5918 1 1 1 1 1 2 4
5927 1 1 1 1 0 1 3
5873 2 2 1 2 0 2 4
5894 0 0 0 1 0 2 3
6012 1 0 0 1 0 1 2
5995 1 0 0 1 2 2 3
5997 1 1 1 1 0 1 3
5932 3 3 2 2 1 3 6
6002 3 3 3 3 2 4 7
5877 3 2 2 3 2 3 6
5960 3 2 2 3 1 3 6
6005 1 2 1 2 1 2 4
5943 2 1 1 2 1 3 5
5977 2 2 2 1 1 2 4
5930 3 3 2 3 1 4 7
5929 1 1 1 1 0 2 3
5882 1 1 1 2 1 2 4
5999 2 2 1 2 1 3 5
5884 0 0 1 1 0 1 3
5987 1 1 1 2 1 2 4
5940 0 1 1 2 1 1 3
5966 1 1 2 2 1 3 5
5973 3 2 1 3 1 3 6
6018 1 1 1 2 1 2 4
5990 2 2 1 2 1 3 5
6015 4 4 3 2 1 4 8
5924 0 0 0 0 0 1 2
5935 1 1 2 2 1 3 5
5888 2 1 1 2 2 3 5
5992 1 1 1 1 0 2 3
5998 2 1 1 2 1 3 5
5950 0 1 0 1 1 1 3
5976 0 0 0 1 1 2 4
5909 1 2 3 2 1 3 5
5921 2 1 1 2 2 3 5
6013 2 1 1 2 2 3 5
5907 2 1 1 2 1 2 4
5957 2 2 2 2 1 3 5
5900 2 2 1 2 2 3 5
5946 1 1 1 1 0 1 3
5981 4 4 2 3 1 4 8
5933 2 1 2 2 2 3 5
5944 3 4 2 2 0 2 6
5879 0 1 2 2 1 3 5
5881 0 0 1 2 1 2 4
5914 2 2 1 2 2 3 5
5949 2 2 2 2 1 3 5
5931 3 2 1 2 1 3 5
5963 0 1 0 1 1 1 3
5903 0 1 1 1 0 1 3
5891 3 2 1 2 1 3 6
5902 2 2 1 1 1 2 4
5991 1 0 0 1 1 2 3
5928 1 0 1 2 1 2 4
5925 2 3 1 1 0 2 4
5945 1 1 1 1 1 2 4
6001 3 1 1 3 1 3 6
5897 0 0 0 1 0 2 3
5874 1 1 1 1 1 2 3
5878 3 2 1 3 2 3 6
5980 4 4 3 2 0 3 7
5875 1 1 1 1 0 1 3
5919 0 0 0 0 1 1 2
5956 0 1 2 2 1 3 4
5917 0 0 0 1 0 1 2
5876 4 4 2 3 1 4 8
5968 1 0 0 1 2 2 3
5962 1 1 1 2 2 2 4
6016 2 2 2 2 1 3 5
6017 3 1 2 3 2 4 6
5937 1 1 1 0 0 1 2
5994 3 2 1 2 2 3 6
5906 1 1 1 1 1 2 4
5967 3 3 3 2 1 2 5
5871 1 1 1 2 1 2 4
5941 2 1 1 2 1 2 4
5939 2 2 1 1 0 2 4
5951 1 1 1 1 0 1 3
5920 3 3 3 2 1 3 6
5887 1 1 1 1 1 2 4
5965 4 4 1 3 1 4 7
