6098 1 1 1 2 2 2 4
6108 0 0 0 3 1 3 5
6123 2 1 1 1 1 1 3
6116 2 2 2 2 1 1 4
6135 2 1 1 2 2 2 4
6081 1 1 1 1 1 1 3
6022 2 1 1 2 0 1 3
6102 2 1 1 2 1 2 4
6095 2 0 1 1 1 2 4
6131 2 1 1 1 0 1 3
6124 3 2 1 3 3 3 6
6087 2 2 1 2 1 2 5
6155 2 1 2 2 1 3 5
6120 2 2 2 2 1 2 5
6096 1 1 1 2 1 2 4
6032 0 1 1 2 1 2 4
6071 2 2 2 3 2 3 6
6094 2 1 2 3 2 3 5
6079 3 3 1 3 2 4 7
6163 3 3 1 2 1 3 6
6040 3 3 1 3 2 3 7
6128 3 3 2 3 2 4 7
6072 2 1 1 3 1 2 4
6147 1 1 1 1 1 2 3
6153 1 1 1 2 1 2 4
6051 3 4 2 3 2 4 7
6056 1 1 1 0 0 1 2
6084 1 1 2 1 1 2 4
6111 3 3 3 3 3 4 8
6085 2 1 1 2 1 2 4
6138 2 1 1 2 1 2 4
6148 2 2 2 2 1 3 5
6074 2 2 2 2 1 2 5
6077 0 0 1 2 0 1 3
6133 4 4 4 1 1 2 6
6162 1 1 1 3 0 2 4
6060 1 1 1 2 1 3 5
6118 2 3 2 2 1 3 6
6150 1 2 1 1 0 1 3
6157 2 1 2 3 1 3 5
6027 3 3 2 3 2 4 7
6050 3 3 2 2 1 3 6
6049 3 2 2 3 2 3 6
6145 2 2 1 3 1 3 5
6075 1 2 1 2 2 2 4
6109 1 1 1 2 1 2 4
6080 1 1 1 3 1 2 4
6029 0 1 1 2 1 1 3
6105 3 3 3 3 2 4 7
6122 1 1 2 1 1 2 3
6053 3 3 2 3 2 4 7
6086 2 2 3 3 1 3 6
6082 2 2 1 2 3 3 5
6020 0 0 0 3 1 3 5
6052 2 2 1 2 1 3 5
6030 2 1 1 2 1 2 4
6039 1 2 1 2 1 2 4
6170 3 3 2 3 2 4 7
6101 1 1 1 1 1 1 3
6021 2 2 2 2 1 3 5
6168 0 0 0 3 1 3 5
6130 3 3 2 2 1 3 6
6038 1 1 1 2 1 2 4
6166 3 1 1 3 2 4 6
6097 2 1 1 2 1 2 4
6104 2 2 1 3 1 3 5
6059 3 3 1 3 1 3 6
6076 2 2 1 2 1 3 5
6055 3 3 2 3 1 4 7
6073 0 1 1 0 1 0 2
6117 0 1 1 1 1 1 3
6090 1 3 1 2 1 3 5
6031 2 2 1 2 1 3 5
6110 0 0 1 1 0 1 3
6158 3 3 2 3 2 4 7
6103 3 1 2 2 2 4 6
6043 1 3 3 2 2 3 6
6026 0 0 0 2 1 1 3
6167 0 0 1 2 1 2 3
6160 0 0 0 4 0 3 4
6061 1 1 2 3 1 3 5
6107 2 2 1 1 0 2 4
6037 1 1 1 3 1 2 4
6093 2 1 1 3 0 2 4
6036 3 3 2 3 1 3 6
6159 3 2 1 3 1 3 6
6064 1 2 1 1 0 1 3
6112 1 1 1 3 1 3 4
6113 2 1 1 3 1 3 5
6047 3 3 2 2 1 3 6
6139 2 2 2 3 1 3 5
6048 0 0 0 2 0 2 3
6068 3 3 1 3 1 3 6
6065 3 1 1 3 1 4 6
6106 1 2 1 2 1 2 4
6151 3 3 3 2 2 3 6
6134 2 1 1 3 1 3 5
6141 3 3 1 3 1 4 6
6033 2 2 2 2 2 3 5
6099 3 2 1 3 1 3 6
6149 2 1 2 2 1 2 4
6121 2 4 2 2 1 3 6
6136 2 1 1 2 0 2 4
6169 2 1 1 3 1 3 5
6063 2 2 1 2 1 3 5
6024 3 3 1 2 0 3 5
6089 4 3 2 3 1 3 6
6143 2 1 2 1 1 2 4
6140 1 1 1 2 0 1 3
6042 3 3 1 3 1 4 7
6127 2 2 2 2 2 3 5
6091 3 4 2 2 1 2 6
6046 0 0 0 0 1 0 1
6044 2 2 2 2 2 3 5
6114 0 0 0 1 0 0 1
6062 2 1 1 3 1 3 4
6035 1 2 2 2 1 3 5
6165 2 2 2 2 1 2 5
6041 1 1 0 1 1 1 3
6083 2 1 1 1 1 2 4
6164 2 3 1 2 1 3 5
6034 2 2 2 3 2 3 5
6045 1 0 0 1 1 1 3
6028 2 2 1 3 1 3 5
6144 3 3 1 2 1 3 6
6092 2 2 2 2 1 3 5
6069 1 1 1 2 2 2 4
6058 1 1 0 2 1 1 3
6154 0 0 0 3 1 3 5
6126 3 3 2 3 2 4 6
6115 1 3 2 2 2 2 5
6152 2 2 2 3 1 3 5
6100 3 3 3 3 2 4 7
6161 0 1 1 2 1 2 4
6142 3 2 2 3 1 3 6
6129 3 2 2 3 1 4 7
6125 1 2 2 2 1 3 5
6146 0 0 0 1 0 0 2
6067 3 3 1 3 1 4 7
6023 2 1 2 3 1 3 5
6070 2 2 2 1 1 1 3
6057 2 2 2 3 2 3 5
6078 2 1 1 2 1 2 4
6132 1 1 1 2 1 2 4
6119 2 1 1 2 1 3 4
6137 1 2 1 2 1 2 4
6088 1 1 1 2 1 2 4
6156 1 2 1 2 1 2 4
6054 3 3 1 2 1 3 6
6025 1 2 1 2 1 2 4
