6306 0 1 0 0 0 0 2
6258 2 3 2 2 1 3 6
6313 1 2 2 3 1 3 5
6265 1 1 1 1 1 1 3
6216 2 1 1 2 1 2 4
6294 1 1 1 1 0 1 3
6205 2 2 1 2 1 2 4
6188 0 0 1 1 1 1 3
6308 4 4 2 3 1 4 8
6203 1 0 1 1 1 2 4
6195 3 2 1 2 2 3 6
6261 1 2 2 2 1 3 5
6243 2 2 1 2 2 3 5
6293 1 1 1 2 0 2 4
6246 2 2 1 2 1 2 4
6286 3 3 2 2 1 3 6
6173 2 2 1 2 1 3 5
6219 0 1 0 1 0 1 2
6300 2 3 2 2 1 3 5
6197 3 2 2 2 2 3 6
6302 0 1 1 1 0 1 3
6314 2 3 1 2 1 2 5
6292 2 2 2 3 1 3 5
6315 3 3 2 3 1 4 6
6251 1 1 0 1 0 1 3
6217 3 2 1 1 1 2 4
6229 0 1 1 0 0 1 2
6264 0 1 0 1 0 1 2
6299 3 3 3 3 1 4 7
6208 1 3 2 2 2 3 6
6179 0 0 0 2 1 2 4
6249 2 3 1 2 2 3 6
6198 0 1 0 1 1 1 3
6231 1 0 1 1 1 2 4
6212 3 3 2 2 1 3 6
6221 3 3 1 3 3 4 7
6222 2 0 1 2 1 3 5
6252 1 2 1 2 2 2 4
6187 2 1 1 2 0 3 4
6290 1 2 2 2 2 2 5
6267 0 1 1 1 0 1 2
6207 2 2 1 1 1 2 4
6278 1 1 1 1 0 1 3
6295 3 2 1 3 2 4 6
6239 1 1 1 2 1 2 4
6225 0 0 1 2 1 3 5
6186 1 0 1 1 2 2 4
6228 2 2 1 3 1 3 6
6317 0 0 1 1 1 1 3
6235 3 3 2 3 2 4 7
6274 2 2 2 2 1 3 5
6236 1 1 0 2 0 1 3
6303 2 2 1 3 1 3 6
6271 0 1 1 1 1 2 4
6319 2 2 2 2 1 3 6
6312 2 2 1 2 2 3 5
6255 3 2 1 2 1 3 5
6305 1 0 1 1 0 1 2
6288 3 2 2 2 2 3 6
6245 3 3 1 3 1 3 6
6223 0 0 0 0 0 0 0
6233 3 2 2 3 2 3 5
6220 2 1 1 2 1 2 4
6232 1 1 1 2 2 2 4
6269 2 3 2 3 2 4 6
6282 4 4 3 2 1 3 7
6287 2 1 1 1 1 2 4
6310 4 3 2 3 1 4 7
6244 3 2 1 3 2 4 6
6196 3 3 2 3 1 3 6
6192 2 2 2 3 3 3 6
6280 2 1 1 2 1 3 5
6215 0 0 1 1 1 1 2
6201 2 3 2 2 2 2 5
6226 1 0 1 1 1 2 3
6174 3 2 2 3 2 4 6
6182 2 2 1 2 1 3 5
6199 1 0 0 1 1 1 2
6210 0 0 0 2 1 3 4
6171 2 1 1 2 0 2 4
6256 1 1 1 2 1 2 4
6266 1 2 2 3 1 3 5
6184 2 1 1 2 1 3 5
6279 1 0 1 1 1 2 3
6193 3 3 2 2 1 3 6
6281 0 1 2 2 2 3 5
6273 1 2 1 2 1 2 4
6175 2 1 1 2 1 2 4
6214 0 2 1 1 1 1 3
6289 4 4 1 3 1 3 6
6176 1 1 1 1 0 2 3
6277 1 2 1 0 1 0 2
6254 3 2 1 3 1 4 6
6297 1 2 1 2 1 2 4
6191 1 1 2 1 1 1 3
6320 2 2 1 2 1 3 5
6307 3 2 1 3 1 3 5
6211 3 3 2 1 2 2 5
6227 2 3 1 2 1 3 5
6285 0 0 1 2 1 1 3
6177 2 2 1 2 1 3 5
6242 0 0 0 2 1 3 4
6283 3 3 1 2 1 3 5
6185 1 1 1 2 2 2 4
6189 1 1 0 1 0 1 2
6260 3 3 2 3 2 3 6
6311 2 2 1 2 1 3 5
6270 1 1 1 1 0 1 3
6304 0 1 0 1 0 1 2
6238 2 2 1 2 1 3 5
6263 2 1 1 2 1 3 5
6190 0 0 0 1 0 1 2
6224 3 2 1 3 1 4 6
6241 3 3 3 3 2 3 6
6180 4 3 1 3 1 4 6
6218 2 2 2 1 1 1 3
6194 2 2 1 2 1 2 4
6272 2 1 1 2 0 2 4
6213 3 2 1 2 1 3 5
6248 1 3 1 2 2 2 4
6262 2 1 1 2 1 2 4
6268 2 1 1 2 0 3 4
6237 3 2 2 3 1 3 6
6284 3 2 1 2 1 3 5
6209 2 2 2 2 1 2 4
6301 0 1 1 1 1 1 3
6253 1 1 1 1 0 2 4
6240 2 2 1 2 1 1 4
6230 2 2 2 2 1 3 5
6275 3 2 1 2 2 4 6
6206 1 2 1 0 1 0 2
6247 0 0 0 2 1 2 4
6298 0 1 0 0 0 0 1
6316 1 2 2 2 1 3 5
6250 0 1 2 2 1 2 4
6178 4 4 2 1 1 1 5
6291 3 3 2 2 1 4 6
6259 1 2 2 2 2 3 5
6276 3 3 2 1 1 3 5
6202 0 1 0 0 0 1 2
6183 0 0 0 1 0 1 2
6200 2 2 1 1 1 2 4
6318 2 1 1 1 0 1 3
6181 2 1 1 2 0 2 4
6234 1 1 1 2 0 2 3
6204 0 1 1 2 1 2 3
6172 3 2 1 3 3 4 6
6296 0 1 1 1 0 0 2
6257 2 2 1 2 1 3 5
6309 2 2 1 2 2 3 5
