6325 3 3 1 2 1 3 6
6332 1 0 1 1 1 1 3
6404 3 2 1 2 1 1 5
6406 2 1 2 2 1 3 5
6461 0 0 1 2 1 2 4
6322 2 1 1 2 1 3 5
6460 2 1 1 2 1 2 5
6462 1 1 1 2 1 2 4
6407 2 1 1 2 1 3 5
6438 2 2 1 2 2 3 5
6398 2 3 2 2 1 3 6
6426 2 2 1 2 1 2 5
6376 2 1 2 3 1 3 5
6425 3 2 2 2 2 3 6
6467 1 1 1 1 1 2 4
6457 1 2 1 1 0 1 3
6358 2 2 1 2 1 3 5
6451 1 0 0 1 1 1 3
6420 3 2 2 3 2 3 6
6365 2 2 2 2 1 3 6
6439 2 2 1 2 1 2 5
6324 3 2 1 3 2 4 6
6388 2 2 2 2 2 3 5
6327 2 1 2 2 1 3 5
6379 1 1 1 1 1 2 4
6410 1 1 1 2 1 2 4
6412 2 1 1 2 1 3 5
6411 0 1 0 0 0 0 1
6443 2 1 1 2 1 3 5
6352 1 2 1 1 0 2 4
6394 1 1 1 1 2 1 3
6428 2 1 1 2 1 2 4
6417 0 1 1 0 1 0 2
6427 1 1 1 1 0 1 3
6385 2 2 1 2 2 3 5
6354 1 1 0 1 1 1 3
6368 0 0 0 0 0 0 1
6377 2 1 1 2 1 2 4
6366 3 3 3 2 1 2 6
6382 4 3 3 3 2 4 8
6371 2 2 1 1 1 2 4
6419 0 0 0 2 0 2 4
6418 1 1 2 1 1 1 3
6387 1 2 1 2 1 2 4
6416 2 1 0 1 0 2 4
6373 1 0 0 1 0 1 3
6392 3 3 1 2 1 3 5
6338 1 1 1 1 1 2 4
6337 1 1 2 2 1 2 4
6360 3 2 1 2 1 3 6
6408 3 1 1 2 1 4 6
6355 1 0 0 0 0 1 2
6433 2 2 2 2 1 3 5
6330 0 0 0 0 0 0 1
6463 2 1 1 2 1 3 5
6340 1 1 1 2 1 2 4
6435 0 0 0 2 0 2 4
6339 2 2 2 2 2 3 5
6329 2 1 0 2 0 2 4
6468 2 1 1 2 2 3 5
6336 2 1 2 2 1 3 5
6372 2 1 2 2 1 3 5
6456 3 2 1 3 1 4 6
6431 2 1 1 2 1 3 5
6470 0 0 0 2 0 2 4
6378 1 0 1 1 1 1 3
6348 2 1 1 1 1 2 4
6367 3 1 1 2 1 4 6
6342 1 1 2 1 0 1 3
6450 2 3 2 0 0 0 2
6362 2 1 1 1 1 2 4
6397 3 2 2 2 1 2 5
6350 1 0 0 1 1 1 3
6370 1 0 0 1 0 1 3
6333 1 1 1 1 1 2 4
6346 2 2 3 2 1 3 6
6452 1 1 2 2 1 3 5
6445 1 1 0 1 0 1 3
6432 2 2 2 2 1 3 5
6466 1 0 0 1 0 0 2
6335 1 0 0 1 1 2 4
6328 1 1 1 2 2 2 4
6381 2 2 1 2 1 2 5
6383 1 0 0 1 0 1 3
6464 0 0 0 2 1 2 4
6359 1 0 0 1 1 2 4
6444 3 2 2 2 1 3 6
6321 1 1 1 1 1 1 3
6396 3 3 1 3 2 4 7
6341 1 1 1 2 1 3 5
6386 2 1 1 2 1 3 5
6400 1 1 1 2 1 2 4
6357 2 1 2 2 1 3 5
6409 1 0 0 1 0 1 3
6434 2 1 1 2 1 3 5
6413 2 1 1 2 1 3 5
6401 1 1 1 1 1 2 4
6356 3 3 2 2 1 3 6
6453 2 2 1 2 1 2 5
6393 0 0 1 1 1 1 3
6449 4 4 2 2 1 3 7
6442 1 1 1 2 1 2 4
6441 3 2 1 3 1 4 6
6344 0 0 1 2 1 2 4
6429 2 0 1 1 1 1 3
6380 2 1 1 1 1 2 4
6351 0 0 0 0 0 0 1
6423 3 2 1 2 1 3 6
6353 1 1 1 2 1 2 4
6343 2 2 1 2 1 2 5
6391 0 0 0 2 0 2 4
6446 1 1 0 1 0 2 3
6323 2 1 1 2 1 3 5
6374 2 1 1 2 1 3 5
6361 0 0 0 1 0 1 2
6384 2 1 2 2 1 3 5
6469 3 2 1 2 1 3 5
6399 2 2 3 2 2 3 6
6430 2 1 0 2 0 2 4
6402 3 2 1 3 1 4 6
6440 3 3 1 3 1 4 7
6448 2 3 1 1 1 2 5
6465 2 2 1 2 2 3 5
6454 0 0 0 0 0 1 2
6389 1 0 0 0 1 1 3
6375 0 0 0 2 0 2 4
6347 0 0 1 0 0 0 2
6390 2 1 1 2 1 2 4
6369 0 0 1 2 1 1 3
6334 2 1 2 2 1 3 5
6414 2 2 2 2 1 2 5
6459 2 1 2 2 1 2 5
6458 2 3 2 2 2 3 6
6405 0 0 0 2 1 2 4
6447 1 1 0 2 0 2 4
6422 2 1 2 2 1 3 5
6437 2 2 2 2 1 3 5
6395 4 4 3 3 1 4 8
6421 2 1 0 2 0 2 4
6436 1 1 1 2 2 2 4
6364 1 1 1 1 0 2 4
6326 0 1 1 2 1 2 4
6363 1 2 1 0 0 0 2
6345 1 2 1 1 1 2 4
6349 3 4 2 3 2 4 8
6403 2 1 1 2 1 2 5
6331 0 0 0 0 0 0 2
6424 0 0 0 2 0 2 4
6415 1 0 0 1 0 0 2
6455 2 1 1 2 1 3 5
