6486 1 0 0 1 0 0 2
6543 2 3 1 2 2 3 6
6546 1 2 1 2 1 2 4
6613 2 1 1 2 1 2 4
6587 2 1 1 2 1 2 4
6487 3 1 1 3 2 4 7
6583 0 0 0 0 0 0 1
6612 1 1 1 1 1 1 3
6536 3 3 2 2 2 3 7
6609 3 3 3 2 2 4 7
6581 0 0 0 0 0 0 1
6503 3 2 2 3 2 4 7
6567 1 1 1 1 1 2 4
6617 0 1 0 0 0 0 2
6500 2 3 2 3 2 4 7
6574 2 0 0 1 1 1 3
6590 3 2 3 3 3 3 6
6539 0 1 1 2 1 2 4
6535 2 2 2 2 1 3 5
6604 0 1 1 0 0 1 2
6540 2 2 2 2 1 3 5
6480 3 3 2 1 1 2 5
6514 3 4 3 3 2 4 8
6523 2 2 2 2 1 3 5
6551 2 2 1 2 1 2 4
6472 0 0 0 2 1 2 4
6607 3 3 2 3 1 3 6
6525 2 1 1 2 2 3 5
6520 1 0 0 1 0 1 2
6561 3 3 3 3 3 4 7
6559 0 1 1 1 0 1 3
6478 4 4 4 3 3 4 9
6562 2 2 2 2 1 3 5
6577 0 1 0 0 0 0 2
6598 2 2 1 1 1 2 4
6554 2 2 2 2 1 3 5
6490 4 3 3 3 2 4 8
6563 1 2 1 1 1 2 4
6515 3 4 3 3 3 4 8
6488 1 1 0 1 0 1 3
6569 0 0 0 2 1 3 5
6572 3 2 2 2 1 3 5
6526 4 4 2 3 1 4 7
6542 2 3 2 2 1 3 6
6592 3 1 2 2 1 4 6
6531 1 2 2 2 2 3 5
6553 3 2 2 3 1 4 6
6532 3 4 2 3 1 4 7
6578 3 4 3 3 2 4 8
6496 2 2 1 1 1 1 4
6597 2 2 1 2 1 3 5
6596 1 2 2 1 1 1 3
6618 1 1 1 0 0 0 2
6600 2 3 2 2 1 3 5
6502 0 1 0 1 0 1 3
6541 1 1 1 2 1 2 4
6594 1 0 0 1 1 1 3
6557 3 3 2 2 1 4 6
6589 2 3 2 2 2 3 6
6489 1 1 0 2 0 2 4
6507 2 1 1 2 1 3 5
6509 2 1 1 2 2 3 5
6560 0 1 0 1 0 1 2
6534 2 2 1 2 1 3 5
6595 3 3 2 2 1 4 7
6582 2 1 0 1 0 1 3
6476 3 4 3 3 1 4 8
6522 0 0 0 0 0 0 1
6593 1 1 1 1 1 1 3
6579 3 3 2 3 2 4 7
6552 2 2 1 2 1 3 5
6474 3 3 3 3 1 4 7
6575 1 0 1 1 1 1 3
6616 2 2 1 2 1 3 5
6528 2 1 1 1 1 1 3
6556 3 2 1 3 1 4 6
6481 0 0 0 2 1 3 5
6475 2 2 1 1 0 2 4
6498 2 2 1 1 1 2 4
6550 2 2 1 2 1 3 5
6499 2 1 1 2 1 2 4
6473 2 3 2 2 1 3 6
6615 3 3 2 2 1 3 6
6571 1 1 1 1 1 1 3
6603 2 2 1 1 0 2 4
6491 0 1 0 0 0 0 1
6513 3 3 2 3 1 4 6
6494 1 1 1 1 0 1 3
6495 3 2 1 3 2 4 6
6501 3 3 2 2 1 2 5
6602 1 2 1 1 0 1 3
6517 3 2 2 3 2 4 6
6585 3 3 2 3 2 4 7
6477 2 1 1 2 1 3 5
6614 2 1 1 2 2 3 5
6576 4 4 3 3 1 4 8
6564 2 1 1 2 1 3 5
6471 0 1 1 2 1 2 4
6482 2 3 1 2 1 3 5
6555 2 3 1 2 1 3 5
6565 1 2 2 2 1 2 4
6479 2 2 1 1 1 2 4
6519 3 2 2 2 1 3 6
6504 2 1 0 1 1 2 3
6606 2 2 1 2 1 3 5
6508 3 1 1 3 2 3 6
6497 0 0 0 0 0 0 2
6608 1 1 1 1 0 1 3
6516 1 2 2 2 2 2 4
6591 1 2 1 1 1 2 4
6584 2 1 0 2 0 2 4
6573 1 1 1 1 1 1 3
6527 2 2 2 2 1 3 5
6558 0 1 0 0 0 0 2
6521 1 2 1 1 1 2 4
6537 1 1 1 1 1 1 3
6511 2 2 2 2 1 3 5
6548 1 0 0 1 1 2 3
6620 2 2 2 2 1 3 5
6492 1 1 1 1 1 2 4
6610 4 4 4 3 1 4 8
6512 2 2 1 2 1 3 5
6611 2 1 1 2 1 2 4
6605 1 1 1 2 1 2 4
6601 3 2 2 3 1 4 6
6544 0 1 0 0 0 0 2
6510 1 0 0 1 1 2 3
6619 1 1 0 1 0 1 3
6566 4 4 2 3 1 3 7
6588 1 2 1 1 0 2 4
6568 1 2 2 2 1 2 4
6518 1 3 2 2 1 2 5
6506 1 1 0 1 0 1 3
6570 2 1 2 2 1 3 6
6547 1 0 0 1 1 1 3
6493 1 2 2 2 1 2 4
6538 2 2 1 2 1 3 5
6545 1 1 1 1 1 1 3
6484 2 1 1 1 0 2 4
6483 2 2 1 2 1 2 5
6529 3 1 1 3 3 4 7
6533 0 1 1 1 0 2 3
6549 3 3 2 3 3 4 6
6530 1 1 2 2 2 2 4
6485 1 1 1 2 1 2 4
6586 3 3 2 3 1 4 6
6599 1 1 1 2 2 2 4
6580 3 3 2 3 2 4 6
6524 4 4 3 3 1 4 8
6505 4 4 3 3 1 4 8
