6684 2 1 1 2 2 2 5
6702 3 2 1 4 3 3 6
6750 2 4 3 2 1 3 7
6656 1 2 2 2 2 2 5
6669 2 2 2 2 1 2 5
6673 2 0 0 2 1 2 4
6670 1 1 0 1 1 1 3
6651 2 1 1 2 1 3 5
6652 1 1 1 2 1 3 5
6695 3 3 2 2 1 2 6
6747 1 1 1 3 1 2 4
6644 3 2 1 2 1 3 6
6743 1 1 1 1 0 1 3
6631 0 0 0 1 0 1 2
6707 1 1 1 2 2 2 5
6626 1 1 0 1 0 0 2
6719 2 2 2 2 1 3 6
6629 2 1 1 2 1 2 5
6671 2 2 1 1 0 1 3
6736 3 2 2 2 1 3 6
6621 2 1 1 1 1 1 4
6674 0 0 0 0 0 0 1
6676 1 1 0 1 1 1 3
6650 2 1 1 3 0 3 5
6705 2 2 1 2 1 3 5
6729 0 0 0 0 0 0 1
6718 1 1 1 2 1 2 4
6724 0 2 1 1 1 1 3
6658 2 1 1 2 1 2 4
6706 3 3 2 1 0 1 3
6663 3 3 2 3 3 4 7
6640 0 0 0 0 0 0 1
6682 0 0 0 0 0 0 0
6767 2 1 1 2 0 2 4
6733 1 1 1 2 1 2 4
6662 2 1 1 2 1 2 4
6697 3 3 2 2 2 3 6
6751 3 3 2 2 2 3 6
6758 3 2 1 2 2 3 6
6649 0 0 0 0 0 0 1
6685 2 2 2 2 1 3 5
6739 3 0 1 3 1 4 7
6735 2 0 1 2 1 3 5
6653 2 2 2 3 1 3 6
6655 2 1 1 2 0 2 4
6726 2 2 2 3 2 3 6
6752 2 1 1 2 1 2 4
6761 2 1 1 1 0 2 4
6643 2 2 2 2 2 3 5
6728 2 2 2 2 1 2 4
6704 2 2 2 3 1 3 5
6672 0 0 0 0 0 0 1
6696 1 1 1 3 3 3 5
6725 2 2 2 3 3 3 6
6641 2 1 1 2 2 2 5
6664 3 2 2 3 1 3 6
6666 4 4 1 2 1 2 7
6690 0 1 0 1 1 1 3
6675 2 1 1 1 2 2 4
6691 0 0 0 3 0 3 4
6727 0 0 0 0 0 0 1
6734 1 0 0 1 0 1 3
6668 2 1 1 2 1 2 4
6749 3 1 1 3 2 4 7
6667 0 1 0 2 2 1 3
6755 3 3 1 3 1 3 5
6630 2 2 1 1 2 2 4
6741 2 3 3 2 2 2 5
6642 2 1 1 2 0 2 4
6709 2 1 1 1 1 2 5
6635 1 1 1 1 0 1 3
6633 2 2 1 3 2 3 5
6756 2 2 2 2 1 3 5
6693 2 1 1 2 0 2 4
6768 3 2 1 3 0 3 5
6737 3 3 2 3 2 4 7
6683 2 3 3 2 1 3 6
6665 1 1 0 1 0 1 3
6764 2 3 3 2 1 2 5
6622 2 3 2 2 1 3 5
6770 1 1 1 2 3 2 4
6661 3 2 2 2 1 3 6
6766 3 2 2 3 2 3 6
6657 1 2 1 1 1 2 2
6628 0 1 0 0 0 0 1
6748 2 1 1 1 1 2 4
6701 3 3 2 2 1 3 6
6681 0 0 0 1 1 1 3
6769 1 0 0 1 1 2 4
6708 3 2 1 4 3 3 6
6710 3 2 3 3 3 3 7
6646 3 3 2 3 1 4 6
6760 3 3 3 2 1 3 6
6723 1 1 1 2 2 2 4
6763 2 1 1 2 0 2 4
6647 1 2 2 1 1 2 4
6623 1 1 1 1 1 1 3
6698 3 2 1 2 1 3 5
6714 2 1 1 1 0 1 3
6659 3 3 1 3 0 3 6
6677 0 0 1 2 1 2 3
6712 2 2 1 2 1 3 5
6627 0 0 0 1 0 0 2
6722 2 1 1 3 2 3 5
6637 2 2 2 2 1 3 5
6648 3 2 2 3 1 3 6
6745 0 1 1 2 2 2 4
6634 2 2 1 2 1 2 4
6711 2 2 1 1 0 2 4
6731 2 1 2 2 1 2 5
6753 2 1 0 1 0 1 3
6689 3 3 3 3 1 4 7
6624 0 0 0 1 0 1 2
6721 2 1 1 2 0 3 4
6713 1 2 1 2 2 3 5
6715 0 0 0 3 0 2 4
6744 1 0 0 1 0 1 3
6636 2 1 1 3 1 3 5
6717 4 4 2 1 0 1 4
6654 1 1 0 1 0 1 3
6625 0 0 0 0 0 0 1
6746 2 1 1 1 1 2 4
6740 2 2 1 1 0 2 4
6720 3 4 3 2 2 3 7
6680 3 2 2 2 1 3 5
6738 2 1 1 2 0 2 4
6678 4 4 2 3 1 4 9
6700 3 2 2 3 3 3 6
6716 2 1 1 2 2 3 5
6754 2 1 1 2 0 3 5
6759 3 3 2 1 0 2 5
6638 2 2 2 2 1 3 5
6694 2 1 2 2 1 3 5
6687 2 1 0 1 1 1 3
6765 1 1 1 2 0 2 4
6645 2 2 1 2 1 3 5
6699 3 2 2 3 1 3 6
6703 3 0 1 0 0 1 3
6679 2 1 2 2 2 3 5
6730 3 3 3 2 1 3 6
6757 3 1 0 1 0 1 3
6632 1 2 1 2 1 2 4
6762 1 0 0 0 1 1 2
6692 0 1 1 4 2 3 5
6660 3 2 1 3 2 3 5
6742 0 0 0 0 0 0 1
6732 2 2 2 1 1 2 5
6639 3 3 2 2 2 4 7
6686 2 2 2 3 1 4 5
6688 2 1 1 0 0 1 3
