6823 3 3 1 2 1 3 6
6904 2 1 3 2 1 2 4
6831 1 1 0 1 0 1 3
6872 3 1 1 3 2 4 6
6776 1 2 2 2 1 2 5
6804 3 3 2 3 1 4 7
6778 2 2 1 2 1 2 5
6874 1 0 1 2 1 2 4
6909 1 0 1 1 0 1 3
6881 0 0 0 1 0 1 2
6842 1 2 2 2 2 3 5
6846 2 2 1 2 1 3 5
6792 3 3 3 2 1 2 5
6796 2 1 1 1 1 2 4
6789 1 2 1 3 2 3 6
6781 3 3 2 2 1 3 6
6840 2 1 1 2 1 3 5
6843 1 1 2 2 1 2 4
6866 3 3 1 2 1 3 6
6845 2 2 1 2 1 3 5
6894 1 1 1 2 1 2 4
6822 3 2 1 2 1 2 5
6876 2 1 1 2 0 3 4
6908 1 0 0 1 1 1 3
6774 2 2 1 3 1 3 6
6865 1 1 1 1 1 2 4
6825 3 1 1 3 2 4 6
6836 1 1 1 1 0 2 4
6847 2 2 2 2 1 3 5
6795 2 1 1 2 1 2 4
6833 2 2 2 2 1 3 5
6797 2 1 1 1 1 2 4
6844 2 3 2 3 2 3 6
6860 1 1 1 2 1 2 4
6886 1 1 1 2 1 2 4
6793 2 1 1 2 1 2 4
6816 3 2 2 2 2 3 6
6827 2 2 1 2 1 3 5
6824 1 1 1 2 1 2 4
6911 3 3 2 2 1 4 7
6830 0 0 0 3 0 2 4
6868 1 1 2 2 1 2 4
6787 2 0 1 2 1 3 5
6850 3 2 1 3 2 2 6
6811 1 1 1 2 2 2 4
6809 2 1 1 2 1 2 4
6914 3 4 2 3 1 4 8
6810 4 4 4 3 3 4 9
6801 3 2 1 2 1 3 5
6907 0 0 0 0 0 0 1
6912 3 2 1 3 2 4 7
6905 1 1 1 2 1 2 4
6889 1 1 1 2 1 2 4
6773 2 3 3 2 1 3 6
6784 0 0 0 0 1 0 2
6852 1 1 1 2 1 2 4
6849 2 2 2 3 2 3 6
6870 2 2 1 2 1 3 5
6901 3 1 1 3 1 3 5
6829 2 1 1 2 1 2 4
6879 2 2 3 2 1 3 5
6805 2 2 2 2 1 2 5
6871 2 2 1 2 1 2 4
6861 3 2 2 1 1 2 5
6777 0 1 1 1 1 1 3
6851 1 2 2 2 1 2 4
6900 0 0 0 2 0 2 4
6806 0 0 0 3 0 2 4
6897 1 1 1 2 1 2 4
6803 2 1 1 1 1 1 3
6834 2 1 1 2 1 2 4
6832 0 0 0 0 0 0 1
6918 2 1 1 2 1 3 5
6854 1 2 1 1 1 2 4
6837 0 2 1 0 0 1 2
6819 3 2 1 2 1 3 5
6883 2 3 2 2 2 3 6
6800 2 1 1 1 1 2 4
6828 3 2 2 2 1 3 6
6910 2 3 3 2 1 3 6
6791 0 0 0 2 0 2 4
6913 4 4 3 3 1 4 8
6864 1 0 1 0 0 1 2
6920 1 1 1 2 1 2 4
6906 3 2 2 2 1 3 6
6779 3 2 1 2 1 3 6
6855 3 2 1 3 2 4 7
6884 3 2 2 2 1 3 6
6808 2 1 1 2 2 3 5
6903 3 3 2 3 3 2 6
6838 3 2 1 2 1 3 5
6902 1 0 0 2 1 2 4
6807 3 3 2 2 1 4 7
6839 2 1 2 1 1 2 4
6915 2 1 1 2 1 3 5
6785 0 0 0 3 1 2 4
6821 1 1 1 1 1 1 3
6814 3 2 1 2 1 3 5
6817 2 2 1 2 1 2 4
6891 2 1 1 1 1 2 4
6869 3 3 1 2 1 1 5
6919 3 4 3 3 2 3 7
6786 3 1 2 3 2 4 7
6863 1 1 1 1 1 2 4
6826 3 3 2 2 1 3 6
6885 3 2 1 2 2 3 6
6818 2 2 1 3 1 3 5
6812 2 2 1 1 1 2 4
6899 2 2 1 2 1 3 5
6782 4 4 2 3 1 4 8
6892 1 2 1 1 1 1 3
6841 4 4 2 2 1 2 7
6775 2 2 1 2 1 2 5
6853 2 1 1 2 1 3 5
6880 3 3 2 3 1 4 6
6890 2 1 1 2 1 3 5
6802 2 1 1 2 1 2 4
6895 2 2 2 2 1 3 5
6858 1 1 1 2 1 2 4
6799 3 4 3 3 1 4 7
6857 1 1 1 2 1 2 4
6780 2 1 1 2 1 2 4
6788 2 2 1 2 1 3 5
6798 1 1 1 1 1 1 3
6815 2 2 2 1 1 1 4
6856 2 1 1 2 1 3 5
6835 2 1 1 2 1 2 4
6896 0 0 0 1 0 1 2
6790 1 1 1 1 1 2 4
6882 4 4 2 3 1 4 7
6893 3 2 3 2 1 3 5
6771 0 0 0 0 0 0 1
6898 2 2 1 2 1 2 4
6888 4 4 3 3 1 4 9
6859 1 1 1 1 1 1 3
6877 1 1 2 2 2 2 4
6794 0 0 0 2 1 2 3
6772 1 1 1 1 1 1 3
6916 1 0 1 1 0 1 3
6875 2 3 3 2 1 2 5
6820 3 3 3 2 1 3 7
6862 3 2 1 2 1 3 5
6867 2 2 1 3 1 3 5
6917 2 1 1 2 1 2 4
6848 2 2 1 1 1 2 4
6813 2 1 1 1 1 1 3
6878 3 3 1 2 1 3 6
6873 3 2 2 2 1 3 6
6887 2 1 1 2 1 2 4
6783 2 2 2 2 1 2 5
