6957 2 1 1 2 2 2 4
6966 3 2 2 2 3 3 6
6961 2 2 2 1 1 2 4
7015 3 2 1 2 3 3 6
7002 2 1 1 3 1 2 4
6960 1 1 1 1 1 1 3
6935 1 1 1 1 1 1 3
6995 2 2 1 2 1 3 5
6981 1 1 1 3 1 2 4
7012 2 2 2 2 1 3 5
6980 3 3 3 2 2 3 6
6974 0 0 0 2 0 2 3
6944 2 2 1 3 3 3 5
6941 3 3 3 3 1 4 7
6955 3 3 2 2 1 3 6
6965 2 2 3 1 1 2 4
6996 1 1 1 2 1 2 3
6958 3 3 3 3 2 3 6
6959 2 1 1 3 0 2 4
6999 3 3 2 3 2 4 6
6991 0 0 0 2 0 2 3
6964 4 3 3 3 2 4 8
6925 3 4 3 2 2 2 7
7003 2 1 1 2 1 3 5
7027 2 1 1 2 2 2 4
6928 1 1 1 2 1 2 4
7001 1 1 1 1 1 1 3
6923 3 4 3 2 1 4 7
7025 3 2 3 3 1 4 7
7018 3 2 2 3 1 3 6
7030 2 1 2 2 2 2 4
6973 0 1 0 0 0 0 1
7029 3 3 3 2 1 3 6
6972 1 1 2 2 1 3 5
6948 1 1 1 1 1 2 3
6990 2 3 2 2 1 3 6
6978 2 2 1 2 1 3 5
6984 1 1 2 2 2 2 4
6926 3 3 2 3 1 4 7
6954 1 1 1 1 1 1 3
7004 2 2 1 2 1 2 4
7020 2 1 1 2 1 2 4
7024 2 2 2 3 2 3 6
6930 2 1 2 1 1 2 4
7026 2 2 1 2 1 3 5
6934 1 1 1 2 1 2 4
6976 2 1 1 1 1 2 4
6975 1 1 2 2 1 2 4
6988 1 2 2 3 1 3 5
7011 1 0 1 1 1 2 3
6989 2 1 1 2 1 3 5
6951 2 2 1 2 1 3 5
7007 2 2 2 2 2 3 5
6945 1 2 2 1 1 2 4
6942 3 3 3 2 1 3 5
6968 3 3 2 3 2 4 7
6971 0 0 0 0 0 1 2
6977 2 2 2 3 3 3 6
6950 1 2 2 2 1 2 4
6940 1 1 1 1 1 2 4
7017 1 1 1 1 1 1 3
7005 1 1 2 2 1 3 5
7022 0 0 0 2 0 2 3
7019 2 1 1 2 1 3 5
6963 1 2 2 3 1 2 4
6962 2 2 2 2 1 3 5
6997 2 2 2 2 1 2 4
6927 1 1 1 2 1 2 4
6949 1 1 1 2 1 2 4
6969 3 2 2 3 1 4 6
7010 2 2 3 3 1 3 5
7013 4 4 4 3 2 4 8
6983 1 1 1 2 1 2 4
6986 3 2 3 3 1 4 6
7023 1 1 1 1 1 2 4
6970 2 2 2 2 1 3 5
6929 2 2 2 2 1 3 5
6956 0 0 1 2 0 2 3
7031 1 1 1 2 1 3 4
7016 2 2 2 2 1 3 5
6985 0 0 0 2 0 2 3
6922 3 3 4 3 2 3 6
6933 0 0 1 2 0 2 3
6947 1 1 1 1 1 1 3
6982 1 1 1 2 1 2 4
6979 0 1 0 1 0 1 2
6946 2 2 3 2 2 3 5
6987 2 2 2 2 1 3 5
6993 1 1 1 1 1 1 3
6939 3 3 3 2 1 4 6
6936 2 2 1 2 1 3 5
6932 0 0 0 2 0 1 2
6924 1 1 2 1 1 1 3
7000 2 3 2 2 1 2 5
7008 2 2 2 3 2 4 6
7028 3 3 2 3 2 4 6
6998 2 2 1 2 1 3 4
7009 2 2 2 2 1 3 5
7021 0 0 1 2 1 2 3
6952 2 1 1 2 1 3 5
6953 1 1 1 2 1 2 4
6967 2 1 1 2 3 2 4
6943 0 0 1 2 0 2 3
6931 2 4 3 2 1 3 6
7006 1 1 2 1 1 1 3
7014 1 1 1 2 1 2 4
6937 2 1 1 2 2 2 4
6994 1 2 1 2 2 3 5
6938 1 2 0 0 1 1 2
6992 1 2 2 1 1 2 4
